# ComponentSize     2.5     5     25     50     75     95     97.5    mean
1.000000000000000000e+00    0.000000000000000000e+00    0.000000000000000000e+00    0.000000000000000000e+00    0.000000000000000000e+00    0.000000000000000000e+00    3.207472346442439282e-01    3.622939030349435763e-01    4.674332439553299107e-02
2.000000000000000000e+00    2.053942704100233108e-01    3.018073502334893132e-01    8.347698105093963594e-01    9.422205297620425135e-01    9.749095410025527819e-01    9.929848919930192030e-01    9.954149243184065021e-01    8.525123247537144122e-01
3.000000000000000000e+00    6.508650133042239707e-04    1.157747091993905318e-03    5.467575574814658237e-03    1.375409968216650264e-02    3.644315044904081202e-02    9.868826119620767445e-02    1.075284750568971798e-01    2.751611941339346043e-02
4.000000000000000000e+00    2.886217743602591560e-04    5.128025497552285645e-04    2.401618716916884260e-03    5.992007031222113152e-03    1.575856038801042372e-02    5.296865150257377280e-02    5.675972793596322646e-02    1.303334605341721804e-02
5.000000000000000000e+00    1.799429737813148535e-04    3.193106780825589650e-04    1.482584771638757347e-03    3.644543930926167838e-03    9.426520167108322704e-03    3.574984056780032560e-02    3.752706572659775253e-02    8.094514371204841741e-03
6.000000000000000000e+00    1.292388457247925775e-04    2.290456666506876288e-04    1.054337913002327196e-03    2.552259871820009712e-03    6.486317489032254920e-03    2.585237789107754786e-02    2.738355555420526888e-02    5.681405763707251567e-03
7.000000000000000000e+00    1.002743786253885517e-04    1.774931687600124779e-04    8.102000672404719404e-04    1.934168173084035817e-03    4.854571449320136886e-03    1.963763294572412957e-02    2.135584346798699920e-02    4.280791771375319459e-03
8.000000000000000000e+00    8.166089303514908592e-05    1.443720474758692436e-04    6.535775618925997437e-04    1.539064619790137109e-03    3.821519906052547010e-03    1.558848969285194126e-02    1.722038042850621356e-02    3.379349908118614836e-03
9.000000000000000000e+00    6.873959968618080670e-05    1.213761116684189623e-04    5.444783734708582299e-04    1.271272427999443769e-03    3.115568002853019020e-03    1.267741749958347340e-02    1.426522861861585431e-02    2.757438926450605978e-03
1.000000000000000000e+01    5.926756107143129964e-05    1.045124021055308841e-04    4.644254950085291477e-04    1.074225346171487142e-03    2.586007194447583878e-03    1.056688714242810280e-02    1.187272048615466841e-02    2.306329714197901098e-03
1.100000000000000000e+01    5.203715945896335060e-05    9.164126192887957212e-05    4.037549766190921667e-04    9.247844890312903986e-04    2.203570007026213560e-03    8.933895691638656794e-03    1.014370128709736821e-02    1.966460844261863281e-03
1.200000000000000000e+01    4.634271868276198148e-05    8.150452018156321315e-05    3.567490471687050947e-04    8.082667959705103992e-04    1.897679902899813498e-03    7.691101724707242668e-03    8.810362021520783821e-03    1.702666275748061136e-03
1.300000000000000000e+01    4.174519955740216585e-05    7.331430959764112640e-05    3.180610746955638240e-04    7.156836840909053948e-04    1.664068690069756429e-03    6.671002179906337752e-03    7.760314198614518856e-03    1.492946451311652750e-03
1.400000000000000000e+01    3.795757023958595442e-05    6.656846568872159728e-05    2.863019080337835627e-04    6.401189629528693118e-04    1.470185187342954456e-03    5.882818600123121064e-03    6.872686735548210260e-03    1.322888768217143256e-03
1.500000000000000000e+01    3.465961934158536320e-05    6.093128979514053807e-05    2.605464905414027542e-04    5.774015570956595985e-04    1.310369443021393906e-03    5.190916952703703534e-03    6.171284019878214497e-03    1.182688316709152492e-03
1.600000000000000000e+01    3.185472808337514881e-05    5.614265133587608163e-05    2.382049126061911901e-04    5.247108436112103572e-04    1.180408613217566113e-03    4.630526619893388617e-03    5.568195947799410746e-03    1.065461959862842823e-03
1.700000000000000000e+01    2.954763891138677560e-05    5.202523055480608573e-05    2.190127761769211667e-04    4.789330988670154488e-04    1.070835407377788637e-03    4.184656397209207505e-03    5.059632139969419407e-03    9.662474528530157680e-04
1.800000000000000000e+01    2.754922549220928930e-05    4.844007750077275736e-05    2.025485175894514548e-04    4.403682183725205965e-04    9.763177627836349586e-04    3.796651943211219911e-03    4.615876804785735109e-03    8.813848188543054645e-04
1.900000000000000000e+01    2.579697186679160131e-05    4.527329049234961507e-05    1.883751488357099900e-04    4.060680371078208739e-04    8.911500591723294212e-04    3.464406407411095047e-03    4.233724780121077454e-03    8.081206167004420775e-04
2.000000000000000000e+01    2.424827082067495653e-05    4.249892708354289464e-05    1.757835121855283044e-04    3.763999345986052385e-04    8.206662534847004127e-04    3.182344963405886028e-03    3.896833807642476489e-03    7.443471613317434498e-04
2.100000000000000000e+01    2.287131935015997570e-05    4.003042669190880366e-05    1.645148253366089967e-04    3.503074165254312848e-04    7.594421346335333096e-04    2.927489797785754258e-03    3.607838931011952792e-03    6.884261619683202781e-04
2.200000000000000000e+01    2.163846506631654100e-05    3.782020252098378880e-05    1.544077143449484966e-04    3.271642768600463501e-04    7.055479810326335463e-04    2.704853720046620537e-03    3.356929916336186866e-03    6.390666956487178665e-04
2.300000000000000000e+01    2.052791053838499798e-05    3.583002045546510852e-05    1.454280529967007956e-04    3.063795594909322776e-04    6.583842370622994006e-04    2.493919602415602468e-03    3.132611440065041688e-03    5.952390463827861864e-04
2.400000000000000000e+01    1.952240725370089986e-05    3.402881414153604114e-05    1.370621999638679974e-04    2.879347886487022769e-04    6.142092075656974863e-04    2.316677757710962175e-03    2.931084396455457472e-03    5.561127553961581595e-04
2.500000000000000000e+01    1.860779608472149307e-05    3.239108416323969341e-05    1.298406069803564834e-04    2.712224689096525885e-04    5.760323653098049519e-04    2.170111858709238440e-03    2.750070090962477426e-03    5.210113467707909451e-04
2.600000000000000000e+01    1.777234659087556260e-05    3.089570717562790632e-05    1.232762056557518853e-04    2.560079604760808749e-04    5.409309379855223830e-04    2.035958213666552372e-03    2.585865240467780362e-03    4.893787481200940342e-04
2.700000000000000000e+01    1.700625865950898568e-05    2.952503769399581561e-05    1.172583416046423812e-04    2.421003748902539072e-04    5.094559178235407142e-04    1.907568623212543965e-03    2.436102250410503850e-03    4.607540490639152708e-04
2.800000000000000000e+01    1.630128184069606063e-05    2.826422204559706736e-05    1.114933775138353351e-04    2.294677344126067552e-04    4.801755329234026217e-04    1.798967454212614626e-03    2.298584798403028370e-03    4.347522934573075002e-04
2.900000000000000000e+01    1.565042121682858541e-05    2.710066830737900225e-05    1.062254372010661287e-04    2.178977466985932744e-04    4.540264375975682138e-04    1.690365417459435823e-03    2.169624933533017587e-03    4.110496980570997280e-04
3.000000000000000000e+01    1.504770772210088395e-05    2.602363241460317324e-05    1.014447715121348449e-04    2.071346361063818010e-04    4.304246498265210954e-04    1.603171318357184171e-03    2.044909876354802664e-03    3.893721594425953825e-04
3.100000000000000000e+01    1.448801703538921851e-05    2.502389181893163120e-05    9.716761751009522232e-05    1.970804596272413001e-04    4.087567689658887682e-04    1.521844038833535407e-03    1.943341908610086814e-03    3.694862320462531224e-04
3.200000000000000000e+01    1.396692548340270261e-05    2.409348585133356860e-05    9.320020256971107519e-05    1.880313060253703441e-04    3.886015905561936569e-04    1.441136551529336070e-03    1.850852679248656289e-03    3.511919831449688569e-04
3.300000000000000000e+01    1.348059443038642031e-05    2.322550742483853515e-05    8.929226124304631815e-05    1.791381688941490375e-04    3.703882659138986260e-04    1.369190866255831770e-03    1.764395612924595175e-03    3.343172877000490507e-04
3.400000000000000000e+01    1.302567680065771958e-05    2.241393462428527652e-05    8.576188283649576968e-05    1.709854269216719953e-04    3.533180640150907349e-04    1.299451082795739093e-03    1.682051253176525263e-03    3.187132379421954431e-04
3.500000000000000000e+01    1.259924094839717576e-05    2.165349355719276320e-05    8.233585573555173161e-05    1.633280717927147502e-04    3.375324265575868664e-04    1.237071881033035116e-03    1.608168332836182974e-03    3.042504234395148927e-04
3.600000000000000000e+01    1.219870823521663048e-05    2.093954590597234383e-05    7.911883566440706820e-05    1.563334699593993133e-04    3.226818938533676886e-04    1.184089305593498788e-03    1.539654397573990115e-03    2.908158963806398937e-04
3.700000000000000000e+01    1.182180152257242853e-05    2.026799614765462630e-05    7.618787921387152847e-05    1.499922838656947270e-04    3.087961654042309639e-04    1.134777714894346203e-03    1.474005427203684340e-03    2.783106803023383717e-04
3.800000000000000000e+01    1.146650241749527373e-05    1.963521454556137129e-05    7.344689994788150349e-05    1.442245078843615812e-04    2.957592169510363310e-04    1.087334100347176228e-03    1.415223446651676757e-03    2.666477128714778958e-04
3.900000000000000000e+01    1.113101558548971371e-05    1.903797287412916845e-05    7.090750948312316091e-05    1.388121115845884507e-04    2.834115472681928002e-04    1.043489970333436306e-03    1.356848737112270218e-03    2.557501376562293068e-04
4.000000000000000000e+01    1.081373880544258780e-05    1.847339048879772741e-05    6.858667350525387023e-05    1.334888614949555257e-04    2.717680781268307197e-04    1.003129767256095203e-03    1.299687311898634848e-03    2.455498782503506621e-04
4.100000000000000000e+01    1.051323771771058008e-05    1.793888885095278448e-05    6.635951099195792761e-05    1.284912019918273986e-04    2.608248194307667255e-04    9.639976777279011090e-04    1.246990268538221511e-03    2.359864421881200909e-04
4.200000000000000000e+01    1.022822442980967981e-05    1.743215300222430547e-05    6.411669626622311055e-05    1.234334154730902804e-04    2.506740611166014096e-04    9.267302020902718840e-04    1.200637251721206437e-03    2.270059129179763076e-04
4.300000000000000000e+01    9.957539309788389608e-06    1.695109878102291301e-05    6.213125014154872864e-05    1.190049033843727615e-04    2.416203224223516558e-04    8.920074265870774023e-04    1.156149823477890240e-03    2.185600964956571624e-04
4.400000000000000000e+01    9.700135427034709259e-06    1.649384480787012642e-05    6.020156240002978054e-05    1.146633917628054472e-04    2.331903626749209739e-04    8.596243180871894225e-04    1.111071240715668686e-03    2.106057962067726800e-04
4.500000000000000000e+01    9.455065202347918876e-06    1.605868686246918518e-05    5.833300951954853246e-05    1.107004136995661073e-04    2.252386831344564200e-04    8.290955499769988007e-04    1.068960360886056808e-03    2.031041934711916622e-04
4.600000000000000000e+01    9.221468910033469465e-06    1.564404008601205285e-05    5.654004559726162735e-05    1.070358725785628253e-04    2.174464914287553465e-04    8.003286816773816413e-04    1.032327923291413360e-03    1.960203174444579105e-04
4.700000000000000000e+01    8.998564739261496657e-06    1.524854413467206050e-05    5.483724646625000060e-05    1.036203498042377819e-04    2.095137587565209765e-04    7.732167085688728108e-04    9.982281745152185581e-04    1.893225889601631517e-04
4.800000000000000000e+01    8.785640173608769501e-06    1.487091906555604094e-05    5.317882806814709022e-05    1.004803313849479386e-04    2.026693060119701519e-04    7.475576850902845632e-04    9.663990230565644175e-04    1.829824270364254174e-04
4.900000000000000000e+01    8.582044489374781668e-06    1.451246852643128963e-05    5.159921398077042478e-05    9.745390614079108081e-05    1.960255002404343429e-04    7.232454173040529311e-04    9.361502358829609099e-04    1.769739082421120538e-04
5.000000000000000000e+01    8.387182206970111037e-06    1.416976849077749672e-05    5.011687238644071458e-05    9.424221139231648984e-05    1.895001316022577084e-04    7.001834710302495823e-04    9.064835194963392039e-04    1.712734708903489557e-04
5.100000000000000000e+01    8.200507357133125617e-06    1.384159903682923007e-05    4.868655611617090956e-05    9.133468433698107485e-05    1.838596051734600395e-04    6.782840982391435177e-04    8.778551888903709860e-04    1.658596573840694609e-04
5.200000000000000000e+01    8.021518446180134665e-06    1.352706738254672768e-05    4.739568148138371029e-05    8.837722061954715125e-05    1.773729803516692241e-04    6.571825893407475059e-04    8.513110467372423263e-04    1.607128891432694573e-04
5.300000000000000000e+01    7.849754022894707431e-06    1.322535213220095946e-05    4.610730747709845378e-05    8.571854917950232436e-05    1.711259976663346628e-04    6.350964558834093976e-04    8.265710109666583654e-04    1.558152694484526838e-04
5.400000000000000000e+01    7.672027473616288052e-06    1.293569629378029573e-05    4.491889747695193297e-05    8.320231065012802468e-05    1.661914105170709611e-04    6.157089503006401210e-04    8.027795120516868516e-04    1.511504102780504262e-04
5.500000000000000000e+01    7.492032537149360057e-06    1.265740109940781841e-05    4.378222645289858305e-05    8.060653325204772326e-05    1.612716884663575401e-04    5.977394480097016202e-04    7.799207834591182463e-04    1.467032798310660420e-04
5.600000000000000000e+01    7.326531924121873898e-06    1.238982052311788450e-05    4.269296869435937016e-05    7.823953735635645417e-05    1.565760473962337881e-04    5.805953388835190590e-04    7.580990173725608893e-04    1.424600679341110425e-04
5.700000000000000000e+01    7.171245922541986293e-06    1.213235640595699500e-05    4.164836330351511846e-05    7.599920300696356350e-05    1.518941390661758041e-04    5.643261348566432989e-04    7.371466478350241708e-04    1.384080669545168754e-04
5.800000000000000000e+01    7.021766584068364201e-06    1.188445411139438402e-05    4.064585514928692792e-05    7.398419375886436931e-05    1.478020317151681898e-04    5.487256974849276858e-04    7.163388235245588334e-04    1.345355661934481088e-04
5.900000000000000000e+01    6.877780304514703117e-06    1.164559864498588589e-05    3.968307625006177881e-05    7.204424715386118254e-05    1.437000537545818097e-04    5.337507270780065703e-04    6.968618604530724082e-04    1.308317580280833723e-04
6.000000000000000000e+01    6.738995533464364613e-06    1.138995687936696534e-05    3.875782913005463421e-05    7.024335243483870314e-05    1.393434025556203456e-04    5.196745727367057437e-04    6.778661292485790206e-04    1.272866543196240368e-04
6.100000000000000000e+01    6.605140873902560207e-06    1.116620450122181680e-05    3.786807191025269278e-05    6.827832273028452590e-05    1.353250412522349411e-04    5.053294970165399030e-04    6.592840877224125573e-04    1.238910118126569421e-04
6.200000000000000000e+01    6.475963374768260404e-06    1.095022236008858567e-05    3.700722424844576062e-05    6.650364433852243491e-05    1.316187372901619326e-04    4.912968376294144044e-04    6.414747196195326418e-04    1.206362654280033765e-04
6.300000000000000000e+01    6.351226993961680809e-06    1.074161938861268966e-05    3.616474564083372597e-05    6.471687324824141273e-05    1.283051433752866583e-04    4.790312994833466928e-04    6.250537482545151860e-04    1.175144685004918331e-04
6.400000000000000000e+01    6.230711212308581648e-06    1.054003020284086312e-05    3.539338310069379867e-05    6.326447236263244391e-05    1.245242559129087730e-04    4.666467117672616974e-04    6.096839923616995116e-04    1.145182391405560483e-04
6.500000000000000000e+01    6.114209781474153434e-06    1.034511303210265458e-05    3.457514445434267994e-05    6.170580252807661957e-05    1.212422244679873992e-04    4.550335516912945685e-04    5.951276565446005692e-04    1.116407120067200437e-04
6.600000000000000000e+01    5.886592875575902980e-06    1.015654784572816108e-05    3.383194937711839857e-05    6.009768365872063570e-05    1.182246449137760671e-04    4.439669196632311599e-04    5.806724100602446165e-04    1.088754948687394557e-04
6.700000000000000000e+01    5.649628594368766218e-06    9.974034655106507361e-06    3.307121633130106038e-05    5.866669663503361196e-05    1.152544713934462820e-04    4.333243374411072969e-04    5.661768698886980155e-04    1.062166294205712602e-04
6.800000000000000000e+01    5.540057821626141050e-06    9.797291972248656141e-06    3.239008523446098892e-05    5.736160773945309744e-05    1.125293285329273096e-04    4.230835582363458086e-04    5.518251226245101922e-04    1.036585558705417376e-04
6.900000000000000000e+01    5.434008974221069381e-06    9.626055408301011863e-06    3.175118953965203457e-05    5.595384369627279589e-05    1.099216791420489203e-04    4.122022536051652103e-04    5.380020527694573049e-04    1.011960808947276550e-04
7.000000000000000000e+01    5.331321056520544345e-06    9.460076397400708520e-06    3.113464591855942624e-05    5.477002248294515150e-05    1.073006917493738935e-04    4.015210137370076320e-04    5.256612226461163540e-04    9.882434859033516032e-05
7.100000000000000000e+01    5.231842624976662940e-06    9.299121033020647274e-06    3.048740448963732218e-05    5.332260462353486866e-05    1.048674261718876533e-04    3.923359485638476985e-04    5.135902282333830058e-04    9.653881410964641231e-05
7.200000000000000000e+01    5.135431093438239622e-06    9.142969005378890195e-06    2.980369154664602380e-05    5.214890119931795282e-05    1.023556652288331377e-04    3.834789912346753173e-04    5.018496638317745560e-04    9.433521969311691293e-05
7.300000000000000000e+01    5.041952098079995328e-06    8.991412629869669027e-06    2.923998433312750494e-05    5.095807822333033558e-05    9.993353298505723245e-05    3.749341112687171120e-04    4.906429256487183834e-04    9.220957285330012604e-05
7.400000000000000000e+01    4.951278916060908970e-06    8.830988085436924690e-06    2.862079172115246126e-05    4.981627272772313499e-05    9.772689960280689912e-05    3.666862685048965045e-04    4.798240435024874254e-04    9.015812648987571584e-05
7.500000000000000000e+01    4.863291932699354071e-06    8.690911424597486053e-06    2.801697898063806568e-05    4.873351044865592113e-05    9.558652605711315633e-05    3.583204884771443383e-04    4.693746795862155309e-04    8.817736074129671757e-05
7.600000000000000000e+01    4.777878152508282421e-06    8.554783461615232917e-06    2.746057974252093513e-05    4.763078850764690159e-05    9.359797883085158271e-05    3.505742780656936615e-04    4.592775923363148316e-04    8.626396640038985829e-05
7.700000000000000000e+01    4.694930749945665048e-06    8.422442657380870140e-06    2.693935883045188095e-05    4.648673489863867653e-05    9.163403304944903887e-05    3.430875178459296608e-04    4.495165574992259394e-04    8.441482974051863842e-05
7.800000000000000000e+01    4.618660401397754137e-06    8.291842650771224648e-06    2.642809599784630455e-05    4.550418184469348138e-05    8.972262838109916808e-05    3.356345335027264448e-04    4.400762958231308765e-04    8.262701861562409098e-05
7.900000000000000000e+01    4.546733057232500355e-06    8.161886162841820451e-06    2.592570736446464738e-05    4.456391296488080537e-05    8.761924150331687239e-05    3.283886547381933366e-04    4.309424067415693212e-04    8.089776971243549364e-05
8.000000000000000000e+01    4.476755656942198090e-06    8.039377311148998198e-06    2.545112445290452564e-05    4.356918477330975326e-05    8.559972667619669239e-05    3.212920774232226042e-04    4.221013074834171217e-04    7.922447684602662587e-05
8.100000000000000000e+01    4.408652049226074624e-06    7.920109923322177754e-06    2.494546195125261657e-05    4.260460823043730945e-05    8.393527035249752518e-05    3.138187601668489517e-04    4.135140359010073445e-04    7.760468020147219851e-05
8.200000000000000000e+01    4.342349963489873029e-06    7.803829774375888175e-06    2.445813605425323342e-05    4.166342854240345821e-05    8.217349889671473956e-05    3.069291047765674695e-04    4.051681794692102391e-04    7.603605643451071222e-05
8.300000000000000000e+01    4.281108009809217283e-06    7.690123831377632715e-06    2.397158278188840232e-05    4.082031948705308394e-05    8.013335985828058466e-05    3.011354789752782859e-04    3.971710539658607881e-04    7.451640955294588106e-05
8.400000000000000000e+01    4.222593093435561558e-06    7.578503833110546462e-06    2.351619080287993481e-05    3.994055935258559878e-05    7.864442577773738221e-05    2.956342814652025675e-04    3.898168111067957923e-04    7.304366250879328016e-05
8.500000000000000000e+01    4.165533807254073989e-06    7.467857364130616745e-06    2.304556487362257515e-05    3.901815712759019333e-05    7.709909066913394563e-05    2.898093090198156259e-04    3.828169405235661081e-04    7.161584943787596604e-05
8.600000000000000000e+01    4.057754701848409622e-06    7.363072851668486609e-06    2.257779534686187457e-05    3.831935621865205236e-05    7.554847696866358298e-05    2.839133599805239092e-04    3.760125707751693202e-04    7.023110849016633958e-05
8.700000000000000000e+01    4.004314228088494911e-06    7.255490646410315024e-06    2.213942072398076934e-05    3.758585768684634306e-05    7.401057501240992454e-05    2.780172208246665813e-04    3.694056320306542715e-04    6.888767519952178819e-05
8.800000000000000000e+01    3.952153448292218475e-06    7.140363325249717290e-06    2.173356185871753101e-05    3.683189649726445215e-05    7.264108089905844620e-05    2.726796014574722695e-04    3.628595040994154661e-04    6.758387634659786182e-05
8.900000000000000000e+01    3.901227497389214313e-06    7.043827900050956016e-06    2.134212779695345989e-05    3.619966369125373267e-05    7.123622826045770224e-05    2.674980369237105822e-04    3.561090298789193953e-04    6.631812427311184542e-05
9.000000000000000000e+01    3.851493576349266288e-06    6.949087490196789713e-06    2.097716721765377186e-05    3.548466710601388372e-05    6.980791248344429085e-05    2.624993123274368305e-04    3.498666833860850263e-04    6.508891160956621993e-05
9.100000000000000000e+01    3.802910834773180739e-06    6.856578477260824617e-06    2.063545442300468281e-05    3.476085336679692414e-05    6.854051708471196696e-05    2.577343866705173511e-04    3.439995249525100614e-04    6.389480638219180962e-05
9.200000000000000000e+01    3.755440261394191674e-06    6.766224724475143150e-06    2.028935375551991829e-05    3.409781258618861942e-05    6.729104190059152031e-05    2.529218044734030677e-04    3.382932406390259938e-04    6.273444746798948672e-05
9.300000000000000000e+01    3.709044581875241069e-06    6.677953496135951463e-06    1.994785533935717001e-05    3.343056373737086809e-05    6.614655809353224406e-05    2.477941091925374645e-04    3.322802149270187924e-04    6.160654036958896555e-05
9.400000000000000000e+01    3.663688163341047347e-06    6.591695270317468715e-06    1.960737149572063713e-05    3.279770271133901946e-05    6.495751851787552242e-05    2.428135252808360069e-04    3.263786368194143651e-04    6.050985328428607623e-05
9.500000000000000000e+01    3.605097092861374110e-06    6.507383563822078015e-06    1.925954496119720107e-05    3.222430539678383882e-05    6.373289506901271472e-05    2.384803382040997426e-04    3.206373324803512745e-04    5.944321344388271938e-05
9.600000000000000000e+01    3.561946324719036160e-06    6.424954768420479577e-06    1.894282840834117117e-05    3.167641393149872315e-05    6.254189710231418387e-05    2.344600812478741527e-04    3.150427317559154885e-04    5.840550370404903896e-05
9.700000000000000000e+01    3.498117297715113893e-06    6.344347997563760476e-06    1.862303280497664193e-05    3.107943400730346260e-05    6.146035901713986732e-05    2.303413448855791705e-04    3.093252722809525560e-04    5.739565936377592211e-05
9.800000000000000000e+01    3.457342144477630771e-06    6.265504942775603415e-06    1.834003115935519036e-05    3.049751114441760376e-05    6.044833818827798804e-05    2.259227947222683093e-04    3.037604393932184029e-04    5.641266519724354839e-05
9.900000000000000000e+01    3.400786310392343764e-06    6.188214457599942985e-06    1.807361046307820443e-05    2.990422926158180244e-05    5.923348304844696570e-05    2.214538973681063727e-04    2.983427351372480566e-04    5.545555268185619653e-05
