# ComponentSize     2.5     5     25     50     75     95     97.5    mean
1.000000000000000000e+00    0.000000000000000000e+00    0.000000000000000000e+00    0.000000000000000000e+00    0.000000000000000000e+00    1.461938116767075857e-01    3.658169193935179586e-01    3.691479806159732036e-01    9.157409975736373331e-02
2.000000000000000000e+00    1.638356927597832413e-01    1.723916385989118227e-01    4.735633512398667033e-01    8.483392746285555175e-01    9.659208548615677570e-01    9.915908806283526555e-01    9.944018215176555486e-01    7.054983452899601382e-01
3.000000000000000000e+00    1.102457534098926590e-03    1.740755152684841630e-03    8.383855254764099527e-03    4.219025207750927431e-02    8.741965699203060880e-02    1.078378292525968563e-01    1.134052921053433360e-01    5.052185991293804690e-02
4.000000000000000000e+00    4.882163588857447740e-04    7.694756810356448038e-04    3.673626306546639783e-03    1.831642219283313375e-02    4.930717754257356311e-02    5.341091430424584063e-02    5.601350103250200135e-02    2.555158615795039001e-02
5.000000000000000000e+00    3.039056840910861175e-04    4.779438632354758186e-04    2.256750273535862439e-03    1.097672409571780541e-02    3.114381544905523921e-02    3.645288884060047391e-02    3.647683400246298779e-02    1.628731895724450443e-02
6.000000000000000000e+00    2.179303707857201296e-04    3.419908799896350586e-04    1.597000605719364318e-03    7.567774250468853325e-03    2.157713966065315930e-02    2.710963970781672672e-02    2.719883789586476086e-02    1.158475347950722184e-02
7.000000000000000000e+00    1.688304332036257710e-04    2.643836764872730793e-04    1.221372844766698516e-03    5.645183103610108138e-03    1.606390650770870079e-02    2.128121023327753450e-02    2.136652672551742418e-02    8.796612523249727061e-03
8.000000000000000000e+00    1.372869556342964134e-04    2.145523830207188894e-04    9.809382974792113952e-04    4.429499140943213634e-03    1.254910014649399108e-02    1.723455916259480913e-02    1.735187819631668626e-02    6.978456734207425828e-03
9.000000000000000000e+00    1.153970829154778757e-04    1.799913368118127930e-04    8.147540383172642911e-04    3.600408433639578493e-03    1.014747989684781047e-02    1.432329171019628561e-02    1.445183744671326743e-02    5.713255507003646948e-03
1.000000000000000000e+01    9.935619520660179385e-05    1.546803259024379334e-04    6.934886477003852131e-04    3.003714534220289743e-03    8.421244672841804446e-03    1.214587581309196918e-02    1.227669777031471093e-02    4.790104423242094039e-03
1.100000000000000000e+01    8.711597546493453045e-05    1.353785144845325223e-04    6.013603635055984539e-04    2.556628186298046460e-03    7.131564380930262119e-03    1.046723158578947120e-02    1.059597389379345923e-02    4.091692187940274526e-03
1.200000000000000000e+01    7.747956992581964011e-05    1.201924749427442217e-04    5.291553184303838522e-04    2.210989007959701918e-03    6.138206618770371964e-03    9.140948061210581177e-03    9.265528833011531587e-03    3.547969262714229920e-03
1.300000000000000000e+01    6.970241270091896235e-05    1.079444644122039737e-04    4.711471373633188469e-04    1.937003863759362505e-03    5.353972204963246273e-03    8.071577112519956812e-03    8.191082662700025635e-03    3.114736141530561036e-03
1.400000000000000000e+01    6.329777004135883015e-05    9.786469248605340042e-05    4.235964977316665253e-04    1.715321617541571819e-03    4.722085177032919572e-03    7.194513686465219340e-03    7.308643147992736205e-03    2.762843861649092857e-03
1.500000000000000000e+01    5.793440444765876569e-05    8.942937857494527782e-05    3.839616968829851753e-04    1.532865773541503430e-03    4.204154629189510266e-03    6.464633117401781016e-03    6.573408078262665648e-03    2.472358984383242909e-03
1.600000000000000000e+01    5.337927234830147503e-05    8.227007834842006066e-05    3.504567744188330633e-04    1.380505100434068367e-03    3.773387807681383588e-03    5.849564238859382599e-03    5.953172383644764025e-03    2.229230154201584675e-03
1.700000000000000000e+01    4.946376030377680239e-05    7.612026044199165901e-05    3.217912635543787158e-04    1.251684511840635934e-03    3.410577697046673993e-03    5.325545148711710586e-03    5.424254382807262333e-03    2.023293765271247206e-03
1.800000000000000000e+01    4.606292351844829967e-05    7.078245871682068693e-05    2.970102445318072420e-04    1.141585750650666274e-03    3.101633883669416194e-03    4.874781468740340719e-03    4.968892301906450287e-03    1.847033419372448105e-03
1.900000000000000000e+01    4.308224817318940158e-05    6.610733000488875418e-05    2.753924188151747696e-04    1.046594106960960571e-03    2.836010087282661921e-03    4.483711841595744950e-03    4.573531057321244576e-03    1.694782133295849114e-03
2.000000000000000000e+01    4.044894347253584499e-05    6.197987913576156853e-05    2.563831012913515015e-04    9.639489735692929537e-04    2.605672538287591000e-03    4.141839245136205196e-03    4.227665629546898361e-03    1.562194266428770578e-03
2.100000000000000000e+01    3.810605578372953456e-05    5.831014902643701298e-05    2.395489577367448009e-04    8.915086364824553397e-04    2.404405358589107276e-03    3.840925351263763544e-03    3.923042334327522113e-03    1.445887049408337097e-03
2.200000000000000000e+01    3.600839431242126799e-05    5.502677676061021030e-05    2.245466943937397754e-04    8.275881791869794685e-04    2.227332005346978772e-03    3.574423750539631062e-03    3.653096026422460781e-03    1.343191763208810693e-03
2.300000000000000000e+01    3.411965062710656965e-05    5.207243829500522812e-05    2.111009378010274620e-04    7.708454161978018455e-04    2.070578777973107812e-03    3.337073898600014573e-03    3.412546325658385050e-03    1.251977573272007810e-03
2.400000000000000000e+01    3.241032354751516493e-05    4.940056712978565335e-05    1.989883110840613017e-04    7.201991154137198483e-04    1.931033856622655157e-03    3.124605400134605488e-03    3.197103183795973417e-03    1.170524571427058059e-03
2.500000000000000000e+01    3.085619878263836416e-05    4.697295044213498517e-05    1.880257761468952379e-04    6.747693806174717614e-04    1.806171890133015986e-03    2.933519427339294477e-03    3.003248997006762767e-03    1.097430806638185216e-03
2.600000000000000000e+01    2.943721792702847672e-05    4.475794103026390378e-05    1.780619682353575873e-04    6.338335280461585442e-04    1.693924386837123179e-03    2.760924955815051342e-03    2.828075187316732644e-03    1.031543212567371257e-03
2.700000000000000000e+01    2.813662540750660833e-05    4.272910882909623765e-05    1.689706653949234628e-04    5.967929798499870247e-04    1.592582642723295531e-03    2.604414546319839402e-03    2.669158124802928009e-03    9.719056089438835033e-04
2.800000000000000000e+01    2.694031693052559539e-05    4.086421106769054068e-05    1.606458046789540619e-04    5.631481115850581112e-04    1.500724133520558480e-03    2.461969049494545231e-03    2.524463853919845218e-03    9.177190820200558947e-04
2.900000000000000000e+01    2.583633607611045084e-05    3.914439667728766647e-05    1.529976348369564807e-04    5.324789230605013728e-04    1.417156061902157807e-03    2.331883732615959957e-03    2.392274175147547730e-03    8.683114615545946486e-04
3.000000000000000000e+01    2.481448122368025845e-05    3.755358514183847717e-05    1.459497148469092410e-04    5.044300274699947510e-04    1.340871606767532476e-03    2.212710458257270783e-03    2.271128743367135938e-03    8.231135651488572826e-04
3.100000000000000000e+01    2.386599562650007711e-05    3.607797680066758702e-05    1.394365494720984072e-04    4.786988806168475125e-04    1.271015687661025684e-03    2.103212020957193149e-03    2.159779308021807405e-03    7.816405347340296293e-04
3.200000000000000000e+01    2.298332083751106572e-05    3.470566329611700688e-05    1.334017098409529228e-04    4.550264677873502818e-04    1.206857934194692939e-03    2.002325784907633792e-03    2.057153249319254411e-03    7.434770452192477090e-04
3.300000000000000000e+01    2.215989889375520220e-05    3.342631509097855169e-05    1.277963270673616999e-04    4.331898736190798035e-04    1.147771166004082780e-03    1.909134503368055402e-03    1.962324297682939596e-03    7.082654864886599264e-04
3.400000000000000000e+01    2.139001238211177828e-05    3.223092885700888112e-05    1.226155639176287025e-04    4.129963082153198582e-04    1.093214126633646399e-03    1.822842731613287829e-03    1.874488851838197311e-03    6.756964494074756871e-04
3.500000000000000000e+01    2.066865419403944766e-05    3.111162178218259322e-05    1.178879511125401172e-04    3.942782693105031195e-04    1.042717529893110373e-03    1.742757631836631353e-03    1.792946695747003102e-03    6.455010123708883156e-04
3.600000000000000000e+01    1.999142073924945934e-05    3.006146294744313930e-05    1.134663280625544858e-04    3.768895979209543282e-04    9.958727065733309538e-04    1.668273252794007580e-03    1.717085197888090818e-03    6.174444461428140775e-04
3.700000000000000000e+01    1.935442383758714937e-05    2.907433421561221313e-05    1.093230128827823620e-04    3.607022420675876713e-04    9.523223080593264415e-04    1.598857578166498154e-03    1.646366286930996776e-03    5.913210442134376110e-04
3.800000000000000000e+01    1.875421758934488144e-05    2.814481478433295312e-05    1.054335161210568137e-04    3.456035856461834492e-04    9.117526485979178270e-04    1.534041795898325204e-03    1.580315655767814504e-03    5.669498525927328192e-04
3.900000000000000000e+01    1.818773733804256518e-05    2.726808484165187934e-05    1.017760966694217174e-04    3.314942314016579208e-04    8.738873618052028260e-04    1.473411360410331779e-03    1.518513765316150711e-03    5.441711231046705323e-04
4.000000000000000000e+01    1.765224845768110181e-05    2.643984473987154383e-05    9.833138951160788155e-05    3.182861510890387224e-04    8.384821179097576814e-04    1.416598510757459796e-03    1.460588310587018421e-03    5.228433522739961556e-04
4.100000000000000000e+01    1.714530316947741312e-05    2.565624685107326656e-05    9.508209213827321623e-05    3.059011343111201929e-04    8.053202022466341477e-04    1.363275977799542236e-03    1.406207881487515172e-03    5.028407969622350872e-04
4.200000000000000000e+01    1.666470395813234471e-05    2.491383784477082695e-05    9.201269914568947523e-05    2.942694816748230718e-04    7.733399815213813731e-04    1.313151667590129693e-03    1.355076604975975329e-03    4.840513802921636902e-04
4.300000000000000000e+01    1.620847244124330025e-05    2.420950957638720507e-05    8.910927661778659560e-05    2.833288988666005179e-04    7.421036274947391456e-04    1.265964150339474875e-03    1.306929597371723128e-03    4.663749187573737595e-04
4.400000000000000000e+01    1.577482276737512658e-05    2.354045712596114308e-05    8.635926952158879451e-05    2.730235567917454727e-04    7.127479836567635844e-04    1.221478817340503238e-03    1.261529088697566602e-03    4.497216149653941860e-04
4.500000000000000000e+01    1.536213879307266977e-05    2.290414280272549204e-05    8.375133662925980486e-05    2.633032896268227381e-04    6.851212604083690375e-04    1.179484594292435967e-03    1.218661107026194337e-03    4.340107711101808354e-04
4.600000000000000000e+01    1.496895442754284745e-05    2.229826514999094482e-05    8.127520849595640424e-05    2.541229079288915378e-04    6.590869714162301413e-04    1.139791120112966473e-03    1.178132631505168174e-03    4.191696866859020401e-04
4.700000000000000000e+01    1.459393664413150153e-05    2.172073215920529169e-05    7.892156483247682319e-05    2.454416081492315454e-04    6.345220938612716136e-04    1.102226316803513965e-03    1.139769139254179480e-03    4.051327106448986636e-04
4.800000000000000000e+01    1.423587074614428774e-05    2.116963804180498789e-05    7.668192825986251020e-05    2.372224632564565107e-04    6.113154841520757141e-04    1.066634289138808497e-03    1.103412484576939351e-03    3.918404235501733572e-04
4.900000000000000000e+01    1.389364754586219255e-05    2.064324302011149301e-05    7.454857195568668853e-05    2.294319818703170321e-04    5.893665090599105663e-04    1.032873503593905416e-03    1.068919059610359823e-03    3.792389295707217244e-04
5.000000000000000000e+01    1.356625217329048579e-05    2.013995568968049438e-05    7.251443912411997784e-05    2.220397254810153431e-04    5.685838591946405654e-04    1.000815204537882676e-03    1.036158194184303967e-03    3.672792416370018894e-04
5.100000000000000000e+01    1.325275427817433117e-05    1.965831757974031423e-05    7.057307256583238836e-05    2.150179750935475370e-04    5.488845173804049286e-04    9.703420327318222583e-04    1.005010759704266701e-03    3.559167458897721597e-04
5.200000000000000000e+01    1.295229942719655929e-05    1.919698959900176716e-05    6.871855290459990000e-05    2.083414400717181238e-04    5.301928590767922018e-04    9.413468168940450527e-04    9.753679476221237699e-04    3.451107338496357704e-04
5.300000000000000000e+01    1.266410152977315764e-05    1.875474010385575789e-05    6.694544425791642802e-05    2.019870031320848041e-04    5.124398657356740716e-04    9.137315137937729185e-04    9.471301977820464034e-04    3.348239926127335336e-04
5.400000000000000000e+01    1.238743615191336127e-05    1.833043436715141446e-05    6.524874632895413221e-05    1.959334964028397279e-04    4.955624350580704711e-04    8.874062762032889533e-04    9.202062558190146450e-04    3.250224449219402795e-04
5.500000000000000000e+01    1.212163459906639209e-05    1.792302525959133869e-05    6.362385205427031692e-05    1.901615042593710189e-04    4.795027746469936094e-04    8.622886312396598352e-04    8.945123420066100747e-04    3.156748322369069392e-04
5.600000000000000000e+01    1.186607866680534039e-05    1.753154498413114898e-05    6.206651007228821098e-05    1.846531893067839079e-04    4.642078676439282303e-04    8.383027542827938558e-04    8.699714166228498082e-04    3.067524349815382357e-04
5.700000000000000000e+01    1.162019597310773734e-05    1.715509772729102632e-05    6.057279138638105764e-05    1.793921384283322256e-04    4.496290006745203363e-04    8.153788258698862167e-04    8.465125291302067747e-04    2.982288250252615870e-04
5.800000000000000000e+01    1.138345579846077523e-05    1.679285311097129875e-05    5.913905968740842842e-05    1.743632262753182227e-04    4.357213458759051986e-04    7.934524608159878450e-04    8.240702403280917264e-04    2.900796461864684817e-04
5.900000000000000000e+01    1.115536537055398275e-05    1.644404034501641777e-05    5.776194487707627794e-05    1.695524939564978348e-04    4.224435899868566723e-04    7.724642003619052854e-04    8.025841081983595181e-04    2.822824191597405729e-04
6.000000000000000000e+01    1.093546653912686988e-05    1.610794299463888421e-05    5.643831939788187190e-05    1.649470410067149014e-04    4.097576044968270661e-04    7.523590594561088436e-04    7.819982294794124720e-04    2.748163677834174288e-04
6.100000000000000000e+01    1.072333279402460594e-05    1.578389428867340243e-05    5.516527702970628125e-05    1.605349289844778767e-04    3.976281517018390469e-04    7.330861223791841326e-04    7.622608301145062781e-04    2.676622639979008510e-04
6.200000000000000000e+01    1.051856658589033644e-05    1.547127290464853710e-05    5.394011385949003484e-05    1.563050952774843903e-04    3.860226222371766856e-04    7.145981808518461851e-04    7.433238986598388704e-04    2.608022892122056446e-04
6.300000000000000000e+01    1.032079691424468999e-05    1.516949917510120547e-05    5.276031116927428334e-05    1.522472758882098954e-04    3.749108002632581130e-04    6.968514095596495001e-04    7.251428575361524567e-04    2.542199101066876851e-04
6.400000000000000000e+01    1.012967715239627155e-05    1.487803166694045136e-05    5.162352002170821373e-05    1.483519361371850396e-04    3.642646530016460226e-04    6.798050747013884270e-04    7.076762676874435738e-04    2.478997671649203955e-04
6.500000000000000000e+01    9.944883082481300744e-06    1.459636409176263119e-05    5.052754735043689908e-05    1.446102083612529334e-04    3.540581417553411662e-04    6.634212717437777381e-04    6.908855627904813418e-04    2.418275744523453255e-04
6.600000000000000000e+01    9.766111117356685535e-06    1.432402251042208003e-05    4.947034338733564149e-05    1.410138358045208082e-04    3.442670519256190668e-04    6.476646890573861800e-04    6.747348096557552770e-04    2.359900293524263551e-04
6.700000000000000000e+01    9.593076688949891368e-06    1.406056279969688699e-05    4.844999027963730703e-05    1.375551220022553918e-04    3.351773359351993965e-04    6.325023945312587470e-04    6.591904918866832224e-04    2.303747311357581243e-04
6.800000000000000000e+01    9.425512785180850756e-06    1.380556835287663757e-05    4.746469176818192697e-05    1.342268850465096978e-04    3.270892944072634591e-04    6.179036426273699879e-04    6.442213142308999239e-04    2.249701073796661220e-04
6.900000000000000000e+01    9.263168619740802604e-06    1.355864798947352572e-05    4.651276381351252475e-05    1.310224161980062417e-04    3.193062634533308151e-04    6.038396996489302660e-04    6.297980253733689773e-04    2.197653473776051093e-04
7.000000000000000000e+01    9.105808420852419833e-06    1.331943405222659590e-05    4.559262607027584247e-05    1.279354423744772469e-04    3.118125961316896549e-04    5.902836852676661113e-04    6.158932571945964106e-04    2.147503417832949055e-04
7.100000000000000000e+01    8.953210326814401503e-06    1.308758067214154348e-05    4.470279412203878442e-05    1.249600921026530016e-04    3.045936579757250410e-04    5.772104285893313270e-04    6.024813787538924872e-04    2.099156278255650534e-04
7.200000000000000000e+01    8.805165377488861754e-06    1.286276218452195266e-05    4.384187239882306566e-05    1.220908645697595530e-04    2.976357482044897167e-04    5.645963372404133292e-04    5.895383634631114070e-04    2.052523395088984585e-04
7.300000000000000000e+01    8.661476592178706798e-06    1.264467168090991329e-05    4.300854770877703988e-05    1.193226014538068642e-04    2.909260280718200956e-04    5.524192781357990713e-04    5.770416680950980499e-04    2.007521622835131572e-04
7.400000000000000000e+01    8.521958125370885585e-06    1.243301968352795791e-05    4.220158332280830106e-05    1.166504612483242601e-04    2.844524556178726739e-04    5.406584687412645121e-04    5.649701224267087785e-04    1.964072917282411244e-04
7.500000000000000000e+01    8.386434492793886763e-06    1.222753293031736890e-05    4.141981355819453772e-05    1.140698958303623732e-04    2.782037261721458316e-04    5.292943777797222502e-04    5.533038284526225819e-04    1.922103958419562231e-04
7.600000000000000000e+01    8.254739861059667963e-06    1.202795325998885574e-05    4.066213881288831950e-05    1.115766290485612096e-04    2.721692180318974435e-04    5.183086344471578809e-04    5.420240682247369490e-04    1.881545805847220643e-04
7.700000000000000000e+01    8.126717394889366639e-06    1.183403658760944821e-05    3.992752100758103053e-05    1.091666371330251900e-04    2.663389428028045463e-04    5.076839453083351744e-04    5.311132194768466855e-04    1.842333583497487016e-04
7.800000000000000000e+01    8.002218656522061272e-06    1.164555196225246236e-05    3.921497939712297341e-05    1.068361307503412367e-04    2.607034999471720817e-04    4.974040181322306447e-04    5.205546782854721718e-04    1.804406190822283799e-04
7.900000000000000000e+01    7.881103052552073499e-06    1.146228069920337082e-05    3.852358671707112358e-05    1.045815385465691228e-04    2.552540351332452774e-04    4.874534920072858208e-04    5.103327880985464434e-04    1.767706037919695506e-04
8.000000000000000000e+01    7.763237323855600290e-06    1.128401557989782926e-05    3.785246563455436800e-05    1.023994920375046461e-04    2.499822020242453073e-04    4.778178731466730831e-04    5.004327745346901640e-04    1.732178802337846569e-04
8.100000000000000000e+01    7.648495074747834632e-06    1.111056011352199890e-05    3.720078547597466430e-05    1.002868117206431701e-04    2.448801271832986150e-04    4.684834758558014387e-04    4.908406854184777087e-04    1.697773205534733570e-04
8.200000000000000000e+01    7.536756337915689942e-06    1.094172785482707963e-05    3.656775920679004329e-05    9.824049429632017796e-05    2.399403778053734219e-04    4.594373681890252608e-04    4.815433355725100674e-04    1.664440807184486835e-04
8.300000000000000000e+01    7.427907171970778036e-06    1.077734177320368680e-05    3.595264064103498314e-05    9.625770089685719210e-05    2.351559320159865444e-04    4.506673218710665024e-04    4.725282559362338486e-04    1.632135815704142468e-04
8.400000000000000000e+01    7.321839288828631303e-06    1.061723366861465488e-05    3.535472186067626916e-05    9.433574623343067718e-05    2.305201515051336699e-04    4.421617661018173440e-04    4.637836466250431166e-04    1.600814913545433303e-04
8.500000000000000000e+01    7.218449708353433498e-06    1.046124363035413683e-05    3.477333082659119959e-05    9.247208857874471310e-05    2.260267562865328776e-04    4.339097449010311121e-04    4.552983335816617816e-04    1.570437095937894829e-04
8.600000000000000000e+01    7.117640437986994433e-06    1.030921953504850846e-05    3.420782916492709366e-05    9.066432051246372192e-05    2.216698013943267892e-04    4.259008776838849324e-04    4.470617285065173262e-04    1.540963521903450806e-04
8.700000000000000000e+01    7.019318175265902530e-06    1.016101658060515104e-05    3.365761011403891386e-05    8.891016036289458159e-05    2.174436553479538808e-04    4.181253227881922109e-04    4.390637917841289377e-04    1.512357376477489789e-04
8.800000000000000000e+01    6.923394031347721123e-06    1.001649685314066344e-05    3.312209661865162273e-05    8.720744428539212037e-05    2.133429802317836463e-04    4.105737437014344345e-04    4.312949981501241125e-04    1.484583743174251128e-04
8.900000000000000000e+01    6.829783273835701357e-06    9.875528924217274999e-06    3.260073955917826771e-05    8.555411892336236982e-05    2.093627132522578392e-04    4.032372777594883445e-04    4.237463048677157264e-04    1.457609485829373919e-04
9.000000000000000000e+01    6.738405087362029576e-06    9.737987475946088549e-06    3.209301610509834000e-05    8.394823460296218229e-05    2.054980496466459285e-04    3.961075071109416523e-04    4.164091222044714402e-04    1.431403139030855063e-04
9.100000000000000000e+01    6.649182350492424657e-06    9.602904448597536041e-06    3.159842818254760308e-05    8.238793901741289446e-05    2.017444268314905740e-04    3.891764317596911799e-04    4.092752860195915973e-04    1.405934806428530738e-04
9.200000000000000000e+01    6.562041427694029631e-06    9.470459534771953812e-06    3.111650104695586305e-05    8.087147136046445961e-05    1.980975096873475820e-04    3.824364445163111795e-04    4.023370322896260040e-04    1.381176066273937908e-04
9.300000000000000000e+01    6.476911975181284226e-06    9.341147266267208778e-06    3.064678195247427236e-05    7.939715687281887889e-05    1.945531768875677500e-04    3.758803077038699652e-04    3.955869734161507074e-04    1.357099883604936518e-04
9.400000000000000000e+01    6.393726759572019622e-06    9.214861564052328403e-06    3.015066062106624072e-05    7.796340176816502756e-05    1.911075081860606545e-04    3.695011314779130277e-04    3.890180761731326696e-04    1.333680528540861804e-04
9.500000000000000000e+01    6.312421488383060412e-06    9.091501025092219780e-06    2.965432546737093028e-05    7.656868850876833886e-05    1.877567725879678809e-04    3.632923536331432533e-04    3.826236411645030132e-04    1.310893500203706024e-04
9.600000000000000000e+01    6.232934651481099982e-06    8.970968669004409564e-06    2.917081160367698868e-05    7.521157140312709362e-05    1.846801061109171454e-04    3.572477207801894841e-04    3.763972836738508428e-04    1.288715455822541181e-04
9.700000000000000000e+01    6.155207372650727146e-06    8.853171700953154784e-06    2.869966650385209650e-05    7.389067250056981120e-05    1.816852579516208444e-04    3.513612707865513976e-04    3.703329157984970046e-04    1.267124144618184513e-04
9.800000000000000000e+01    6.079183270567815149e-06    8.738021289602901601e-06    2.824045793487104395e-05    7.260467776003601270e-05    1.787683536511036749e-04    3.456273163846636828e-04    3.644247297696348782e-04    1.246098346100364901e-04
9.900000000000000000e+01    6.004808328452374268e-06    8.625432358991327864e-06    2.779277285373614172e-05    7.135233347198595010e-05    1.759265962014856376e-04    3.400404298585771225e-04    3.586671823686407644e-04    1.225617812440531272e-04
