# ComponentSize     2.5     5     25     50     75     95     97.5    mean
1.000000000000000000e+00    0.000000000000000000e+00    0.000000000000000000e+00    0.000000000000000000e+00    0.000000000000000000e+00    3.098381225225318308e-02    3.349577736806907402e-01    3.572224060010901758e-01    5.751536769583656672e-02
2.000000000000000000e+00    1.617528832804078776e-01    2.048386727543677899e-01    7.432366798779126427e-01    9.331919862663452525e-01    9.772788546701618451e-01    9.945333681474709531e-01    9.965435517257353881e-01    8.111510182912942124e-01
3.000000000000000000e+00    6.442590719571191903e-04    1.064791523527066578e-03    5.773018666210339919e-03    1.678067594715269839e-02    6.256320449575920872e-02    9.372116260249413466e-02    1.061322114936585487e-01    3.418493338921295421e-02
4.000000000000000000e+00    2.857391433346261468e-04    4.716993631844006423e-04    2.533801469450406522e-03    7.313166583169381126e-03    2.744183883863944226e-02    5.327064040377960108e-02    5.715395177109106051e-02    1.660281306124667192e-02
5.000000000000000000e+00    1.781753145666198032e-04    2.937461396817495681e-04    1.560730909854720835e-03    4.450018913532902132e-03    1.635883080679684590e-02    3.601252401014810173e-02    3.664258905424921942e-02    1.042654260163070577e-02
6.000000000000000000e+00    1.279904926739667810e-04    2.107323925972867532e-04    1.107458908008775557e-03    3.118677947866297425e-03    1.119578661496084884e-02    2.645490263721937685e-02    2.678716933682388085e-02    7.363534970416619162e-03
7.000000000000000000e+00    9.932223052081117528e-05    1.633199580793135157e-04    8.491546841455583153e-04    2.363228833920669267e-03    8.289950940527000822e-03    2.026567514908119913e-02    2.106799370828729701e-02    5.569858428946822954e-03
8.000000000000000000e+00    8.089883491074306406e-05    1.328576595901772683e-04    6.836279427543104012e-04    1.882156027119756807e-03    6.417483089727329601e-03    1.623424737071995153e-02    1.713113638704920338e-02    4.408769812527648345e-03
9.000000000000000000e+00    6.810933045226579235e-05    1.117158507658477280e-04    5.690729697123929603e-04    1.552882824448988466e-03    5.145602626698954872e-03    1.340539385471296689e-02    1.428414081718700282e-02    3.604551732421045797e-03
1.000000000000000000e+01    5.873378115516477197e-05    9.622141165502641773e-05    4.853691973145057522e-04    1.313558144551819776e-03    4.237457637470371657e-03    1.131450170096015041e-02    1.214684783381034597e-02    3.019549761513669675e-03
1.100000000000000000e+01    5.157694478521174393e-05    8.439678988327785434e-05    4.216892408126583823e-04    1.132468406203285824e-03    3.562388751064425596e-03    9.715775649461100630e-03    1.049409672249514147e-02    2.577879675977698664e-03
1.200000000000000000e+01    4.594037225459484937e-05    7.508645593034320859e-05    3.717102225877282821e-04    9.911137747750967900e-04    3.044567481506623395e-03    8.460913877487347134e-03    9.184918517351871661e-03    2.234521795926127253e-03
1.300000000000000000e+01    4.138951813902983645e-05    6.757153425678229491e-05    3.315012693405891076e-04    8.780089846122038355e-04    2.637228680553730699e-03    7.454602466540779376e-03    8.127018148738448383e-03    1.961206268793251606e-03
1.400000000000000000e+01    3.764028694136547631e-05    6.138207260683845891e-05    2.984945707221919506e-04    7.856634936615963316e-04    2.310104482935517421e-03    6.632995880715360920e-03    7.257700554270414897e-03    1.739357442547639345e-03
1.500000000000000000e+01    3.449932379140760897e-05    5.619824455818529368e-05    2.709440030337919268e-04    7.089928486526420612e-04    2.042818993299357760e-03    5.951888860065854270e-03    6.533041574543082229e-03    1.556308047306893165e-03
1.600000000000000000e+01    3.183057917276723234e-05    5.179502797669125711e-05    2.476220749811566682e-04    6.444297263470215569e-04    1.821200083825869889e-03    5.379805645453653723e-03    5.921448397625762340e-03    1.403148262262181702e-03
1.700000000000000000e+01    2.953560718860692027e-05    4.800960795348668711e-05    2.276414194969660521e-04    5.894005959055334835e-04    1.635114981097881767e-03    4.893789829532268348e-03    5.399677255863434035e-03    1.273444509696573454e-03
1.800000000000000000e+01    2.754145027811137289e-05    4.472133248098618435e-05    2.103450676659941385e-04    5.420042518352692282e-04    1.479130001103050535e-03    4.476746305019743168e-03    4.950286560358137418e-03    1.162445349146062771e-03
1.900000000000000000e+01    2.579291401987712562e-05    4.183893187133365334e-05    1.952365135241391179e-04    5.008070869009639955e-04    1.348473761115589380e-03    4.115710594947728958e-03    4.559959881544239230e-03    1.066572285627699233e-03
2.000000000000000000e+01    2.424748509322842400e-05    3.929211135387347166e-05    1.819337282587724135e-04    4.647085948384813516e-04    1.234442073948804203e-03    3.800691281170452945e-03    4.218373126394414988e-03    9.830835449917251900e-04
2.100000000000000000e+01    2.286920480794822343e-05    3.702586827047037957e-05    1.701380908285723818e-04    4.328505891896419853e-04    1.134925270340727405e-03    3.523877191351290194e-03    3.917411854506353680e-03    9.098462960394395607e-04
2.200000000000000000e+01    2.163376391564848244e-05    3.499655824556461745e-05    1.596128905776574665e-04    4.045544567647170898e-04    1.047484298224070007e-03    3.279082866396308867e-03    3.650619537232636762e-03    8.451788138543721643e-04
2.300000000000000000e+01    2.052088972701722019e-05    3.316911398951071557e-05    1.501681359341717451e-04    3.792768670744876814e-04    9.701821503118367510e-04    3.061353333352849395e-03    3.412801551977684509e-03    7.877388902081522686e-04
2.400000000000000000e+01    1.951329580329683945e-05    3.151504167231132547e-05    1.416496156834807726e-04    3.565779179294934409e-04    9.014630605748885552e-04    2.866677616608848383e-03    3.199736304589028812e-03    7.364435105836195832e-04
2.500000000000000000e+01    1.859679191050317236e-05    3.001095290953866940e-05    1.339308884413894542e-04    3.360978369943238295e-04    8.400646358189547361e-04    2.691777871768757675e-03    3.007961378673384718e-03    6.904100948550041935e-04
2.600000000000000000e+01    1.775962185858803448e-05    2.863747267992568793e-05    1.269073265614025360e-04    3.175396808531010407e-04    7.849529712654988028e-04    2.533952009773379928e-03    2.834613093059820416e-03    6.489128790985562896e-04
2.700000000000000000e+01    1.699196403994957116e-05    2.737841561239911153e-05    1.204916260782307310e-04    3.000924875395524164e-04    7.352740770136250315e-04    2.390954743867967480e-03    2.677304647080316555e-03    6.113501032599168725e-04
2.800000000000000000e+01    1.628554992277451063e-05    2.622015683092287502e-05    1.146103790420016590e-04    2.832103039550252057e-04    6.903170576602796248e-04    2.260906627816830668e-03    2.534032527707859479e-03    5.772190258110239088e-04
2.900000000000000000e+01    1.563336927090225507e-05    2.515114584356757646e-05    1.092014266273118881e-04    2.681386975116653018e-04    6.533914776999339910e-04    2.142223751218762934e-03    2.403103876199100437e-03    5.460966850767168560e-04
3.000000000000000000e+01    1.502943995628902557e-05    2.416152696516220524e-05    1.042117934854510600e-04    2.543113352406249313e-04    6.197767338513261118e-04    2.033562862044434143e-03    2.283079578963766176e-03    5.176249326765188646e-04
3.100000000000000000e+01    1.446862645235536047e-05    2.324284002732248416e-05    9.959605995224078993e-05    2.416482035056835380e-04    5.889477613770577932e-04    1.933778138072864486e-03    2.172729281592056944e-03    4.914986795269145987e-04
3.200000000000000000e+01    1.394649541944294382e-05    2.238778226086747249e-05    9.531506771882436793e-05    2.298505672824547111e-04    5.605913847143873408e-04    1.841886844438069210e-03    2.070995533778691774e-03    4.674565833965735545e-04
3.300000000000000000e+01    1.345919983977915911e-05    2.159001726050313789e-05    9.136074810339549473e-05    2.189935976672691999e-04    5.344383362765299864e-04    1.757041834326461419e-03    1.976964991522039711e-03    4.452736103913983862e-04
3.400000000000000000e+01    1.300338533416585693e-05    2.084402052908261712e-05    8.771577006951901206e-05    2.089277853572464941e-04    5.102559517439545205e-04    1.678509366324560650e-03    1.889845120983041533e-03    4.247550479303368047e-04
3.500000000000000000e+01    1.257611386421160415e-05    2.014495369110195320e-05    8.432661159069301175e-05    1.995747429797150479e-04    4.878422608066681956e-04    1.605651086674434597e-03    1.808945225902181897e-03    4.057316516368445771e-04
3.600000000000000000e+01    1.217480117258719829e-05    1.948856135977798131e-05    8.120404978951352611e-05    1.913641840101545726e-04    4.670211742693218190e-04    1.537909299514457788e-03    1.733660898438758218e-03    3.880556851470087863e-04
3.700000000000000000e+01    1.179716516219445498e-05    1.887108604137659182e-05    7.827510676695637873e-05    1.837095660607243077e-04    4.476385391236251772e-04    1.474794851716298592e-03    1.663461199944277257e-03    3.715976683304710840e-04
3.800000000000000000e+01    1.144118304794234772e-05    1.828919750426443564e-05    7.552290000724560951e-05    1.765454173776687336e-04    4.295588857008678140e-04    1.415877111069926107e-03    1.597878033202408546e-03    3.562436915007304397e-04
3.900000000000000000e+01    1.110505559126588887e-05    1.773993382588131106e-05    7.293243143301027438e-05    1.698285752632708984e-04    4.126627303798395627e-04    1.360775631287114863e-03    1.536497284952640860e-03    3.418931848190764531e-04
4.000000000000000000e+01    1.078717708929248644e-05    1.722065192757349375e-05    7.049033301037744984e-05    1.635206757302949134e-04    3.968443270890281011e-04    1.309153184507805701e-03    1.478951406961573648e-03    3.284570560693688096e-04
4.100000000000000000e+01    1.048611006751918170e-05    1.672898586392022709e-05    6.818465236187815027e-05    1.575875130435637082e-04    3.820097835281245917e-04    1.260709908811207978e-03    1.424913172639985948e-03    3.158561282962894920e-04
4.200000000000000000e+01    1.020056383857899838e-05    1.626281148571991322e-05    6.600467124772606362e-05    1.519984984212990290e-04    3.679320474572711996e-04    1.215178369800520852e-03    1.374090399400482426e-03    3.040198228997688249e-04
4.300000000000000000e+01    9.929376255697342014e-06    1.582021636955555720e-05    6.394075119390185604e-05    1.467262005168190413e-04    3.537589028702962371e-04    1.172319375402957210e-03    1.326221468400603501e-03    2.928850447087619734e-04
4.400000000000000000e+01    9.671498119402057020e-06    1.539947412117427295e-05    6.198420165469769563e-05    1.417459536873937379e-04    3.404261514593959247e-04    1.131918414372647726e-03    1.281071505822398019e-03    2.823952340897239598e-04
4.500000000000000000e+01    9.425979798357545132e-06    1.499902232867337635e-05    6.008440746915831143e-05    1.370355227193387931e-04    3.278664947850598284e-04    1.093782613656046725e-03    1.238183561882076579e-03    2.724995578466353615e-04
4.600000000000000000e+01    9.191959706280461491e-06    1.461744357515344108e-05    5.826122748023181196e-05    1.325819006337345253e-04    3.160193843329304553e-04    1.057738129313771187e-03    1.196319995248137967e-03    2.631522159655907381e-04
4.700000000000000000e+01    8.968654341548399267e-06    1.425344902714177029e-05    5.652770259240294049e-05    1.284072792361120761e-04    3.048302131065277251e-04    1.023627901246660678e-03    1.156698871447932970e-03    2.543118454667122230e-04
4.800000000000000000e+01    8.755349647884315151e-06    1.390586420042808015e-05    5.487767142059433068e-05    1.244440876878269463e-04    2.942496191548737549e-04    9.913097144247237039e-04    1.119156339015131346e-03    2.459410059899911727e-04
4.900000000000000000e+01    8.551393496266410603e-06    1.357361657387155945e-05    5.330551529166197944e-05    1.206775764565079723e-04    2.842328835266248396e-04    9.606545193355590624e-04    1.083543602052815984e-03    2.380057344449886133e-04
5.000000000000000000e+01    8.356189122000547040e-06    1.325572477739197167e-05    5.180610021852779720e-05    1.170943001772453929e-04    2.747394081822020955e-04    9.315449724690710604e-04    1.049725264371003004e-03    2.304751582358384454e-04
5.100000000000000000e+01    8.169189378412265200e-06    1.295128912577343280e-05    5.037472613426701611e-05    1.136819787055202031e-04    2.657322618585185618e-04    9.038741642349090244e-04    1.017577884558189044e-03    2.233211583438841051e-04
5.200000000000000000e+01    7.989891691096377075e-06    1.265948330695579186e-05    4.900708235055853537e-05    1.104293754116169636e-04    2.571777838831979706e-04    8.775445070781418043e-04    9.869887115854221547e-04    2.165180749925083134e-04
5.300000000000000000e+01    7.817833615129051819e-06    1.237954706394643137e-05    4.769920837006725895e-05    1.073261902848769212e-04    2.490452375721047143e-04    8.524667609580675745e-04    9.578545754132518309e-04    2.100424497997237184e-04
5.400000000000000000e+01    7.652588912872783405e-06    1.211077973457886117e-05    4.644745931850828796e-05    1.043629657985299241e-04    2.413065061870772222e-04    8.285591769753068931e-04    9.300809110869455920e-04    2.038727992945557697e-04
5.500000000000000000e+01    7.493764082621325012e-06    1.185253453413975762e-05    4.524847537486979647e-05    1.015310038026084297e-04    2.339358255371787939e-04    8.057467429225398728e-04    9.035808981280113797e-04    1.979894154742054999e-04
5.600000000000000000e+01    7.340995278790216221e-06    1.160421348314837952e-05    4.409915467179799901e-05    9.880122851308622525e-05    2.269095482217972962e-04    7.839605170140479971e-04    8.782746997890721356e-04    1.923741897423001442e-04
5.700000000000000000e+01    7.193945573113897022e-06    1.136526289698410525e-05    4.299662921632550652e-05    9.608697855211110128e-05    2.203160593957909888e-04    7.631370381126316438e-04    8.540887890391745188e-04    1.870104571203118858e-04
5.800000000000000000e+01    7.052302513626317678e-06    1.113516936612423154e-05    4.193824344633706794e-05    9.348852066720827862e-05    2.145403058376290284e-04    7.432178024959166249e-04    8.309553500697229676e-04    1.818828580843460279e-04
5.900000000000000000e+01    6.915775944338141385e-06    1.091345616588578292e-05    4.092153509315900122e-05    9.099909577420622051e-05    2.090123012131048436e-04    7.241487986480259469e-04    8.088117457254244370e-04    1.769772157649939892e-04
6.000000000000000000e+01    6.784096053731236723e-06    1.069968004310597308e-05    3.994421806674666254e-05    8.861244430525546745e-05    2.037174161377334992e-04    7.058800927764820104e-04    7.876000426229594776e-04    1.722804265715757483e-04
6.100000000000000000e+01    6.657011624528622026e-06    1.049342833441697299e-05    3.900416711911389107e-05    8.633946267950752822e-05    1.986421138081111148e-04    6.883654587780242782e-04    7.672665868672995035e-04    1.677803625748518657e-04
6.200000000000000000e+01    6.534288460970141054e-06    1.029431637689870700e-05    3.809940407470008034e-05    8.421175042926705033e-05    1.924196485924287766e-04    6.715620472427166884e-04    7.477616242473610498e-04    1.634657842130010229e-04
6.300000000000000000e+01    6.415707972928630970e-06    1.010198517709476681e-05    3.722808544455647644e-05    8.201312469705499800e-05    1.861382047537140370e-04    6.554300888201608933e-04    7.290389596171916939e-04    1.593262620808246789e-04
6.400000000000000000e+01    6.301065898943737294e-06    9.916099308841941695e-06    3.638849126524756211e-05    7.998349720689900799e-05    1.801456664340140028e-04    6.399326278967945201e-04    7.110598382230176855e-04    1.553521067286761485e-04
6.500000000000000000e+01    6.190171152531115074e-06    9.736345014137442406e-06    3.557901502390473385e-05    7.717241847175617482e-05    1.744250730369290687e-04    6.250352830655909542e-04    6.944895498009680561e-04    1.515343055389698737e-04
6.600000000000000000e+01    6.082844778106694844e-06    9.562428484545253436e-06    3.479815454840434882e-05    7.437970920276324837e-05    1.689606817141528559e-04    6.107060313259099959e-04    6.785490245366508936e-04    1.478644658693137673e-04
6.700000000000000000e+01    5.978919004580112066e-06    9.394074303451482156e-06    3.404450375688096463e-05    7.171332729912688385e-05    1.637378637293708300e-04    5.969150133414489849e-04    6.632053034042347233e-04    1.443347637550844627e-04
6.800000000000000000e+01    5.878236386112770962e-06    9.231024031880103483e-06    3.331674517373339175e-05    6.916616696151702145e-05    1.587430110146089649e-04    5.836343574206351650e-04    6.484276114557289625e-04    1.409378975534125841e-04
6.900000000000000000e+01    5.780649020845523240e-06    9.073034922684713102e-06    3.261364313056972891e-05    6.673160866474033557e-05    1.543806270705445742e-04    5.708380201726987423e-04    6.341871835309997830e-04    1.376670459872019023e-04
7.000000000000000000e+01    5.686017839436516185e-06    8.919878749725879098e-06    3.193403758030240506e-05    6.457850770816612150e-05    1.508830620518823349e-04    5.585016420429779038e-04    6.204571061679410148e-04    1.345158301141889310e-04
7.100000000000000000e+01    5.594211956278794448e-06    8.771340740224026837e-06    3.127683846104019149e-05    6.322196985426148646e-05    1.475111304867216520e-04    5.466024161469437096e-04    6.072121740001775337e-04    1.314782788033026870e-04
7.200000000000000000e+01    5.505108077015595993e-06    8.627218599843290315e-06    3.064102055378619197e-05    6.191120048016217239e-05    1.442586453270600457e-04    5.351189690102127906e-04    5.944287591315744771e-04    1.285487973502325281e-04
7.300000000000000000e+01    5.418589956768824360e-06    8.487321621259562670e-06    3.002561878435993785e-05    6.064406607307807039e-05    1.411198051275170534e-04    5.240312519847749491e-04    5.820846921533325523e-04    1.257221389074559994e-04
7.400000000000000000e+01    5.334547904071852581e-06    8.351469867965441866e-06    2.942972392556510557e-05    5.941855970204734270e-05    1.380891650915928880e-04    5.133204422536445655e-04    5.701591536224507933e-04    1.229933784413207406e-04
7.500000000000000000e+01    5.252878326080938736e-06    8.219493426054837241e-06    2.885247866051346161e-05    5.823279192598556378e-05    1.351616106521521241e-04    5.029688524601900156e-04    5.586325749545918446e-04    1.203578889617817768e-04
7.600000000000000000e+01    5.173483311105153020e-06    8.091231717434144507e-06    2.829307397230156599e-05    5.708498246620486458e-05    1.323323333336767749e-04    4.929598481064717238e-04    5.474865478013982330e-04    1.178113197989612119e-04
7.700000000000000000e+01    5.096270244956001061e-06    7.966532868702484328e-06    2.775074582903465066e-05    5.597345256994179616e-05    1.295968086718782102e-04    4.832777719602182978e-04    5.367037410851829404e-04    1.153495767258471425e-04
7.800000000000000000e+01    5.021151457930226701e-06    7.845253130462617316e-06    2.722477213648206036e-05    5.489661799935343072e-05    1.269507759909065375e-04    4.739078747930101942e-04    5.263005067630815298e-04    1.129688037483565462e-04
7.900000000000000000e+01    4.948043899639835980e-06    7.727256342474676345e-06    2.669906174038152102e-05    5.385298258749999053e-05    1.244420407345313609e-04    4.648362518456916463e-04    5.163103551658367041e-04    1.106653664035267667e-04
8.000000000000000000e+01    4.876868839149475048e-06    7.612413440449670947e-06    2.618617401061962711e-05    5.284113230875158541e-05    1.220739685544820004e-04    4.560497844814244113e-04    5.066328498820683911e-04    1.084358364234634778e-04
8.100000000000000000e+01    4.807551588149373065e-06    7.500602000779027503e-06    2.570894014994187722e-05    5.185972981686337536e-05    1.197795226235264388e-04    4.475360865437450495e-04    4.972544641603707629e-04    1.062769776378305641e-04
8.200000000000000000e+01    4.740021245142715972e-06    7.391705819826154359e-06    2.524533859169392777e-05    5.090750940838968290e-05    1.175555402309327781e-04    4.392834549872140851e-04    4.881624144592807443e-04    1.041857330009111546e-04
8.300000000000000000e+01    4.674210458788627165e-06    7.285614524759727489e-06    2.479482872960402142e-05    4.998327237359831795e-05    1.153990312091035634e-04    4.312808243927578663e-04    4.793446111420061797e-04    1.021592126408728821e-04
8.400000000000000000e+01    4.610055208765452938e-06    7.182223213218685970e-06    2.435689746349733911e-05    4.908588270086983076e-05    1.133071665649925026e-04    4.235177250192528496e-04    4.707896129905891100e-04    1.001946828395945704e-04
8.500000000000000000e+01    4.547494602655557533e-06    7.081432119327754125e-06    2.393105749286508137e-05    4.821426310371989144e-05    1.112772679863592036e-04    4.159842440778583955e-04    4.624865852022776581e-04    9.828955586029734619e-05
8.600000000000000000e+01    4.486470687501159136e-06    6.983146303874735201e-06    2.351684573508727857e-05    4.736739134284484421e-05    1.093067981462958542e-04    4.086709899467689568e-04    4.544252605640497749e-04    9.644138054871621694e-05
8.700000000000000000e+01    4.426928274808190334e-06    6.887275366597120859e-06    2.311382185788072842e-05    4.654429681806995323e-05    1.073933517365956397e-04    4.015690590717810532e-04    4.465959035309713843e-04    9.464783364066923523e-05
8.800000000000000000e+01    4.368814777899538111e-06    6.793733178799662346e-06    2.273115697871140831e-05    4.574405740748555894e-05    1.055346471674757603e-04    3.946700053227134215e-04    4.389892769607485327e-04    9.290671171549290419e-05
8.900000000000000000e+01    4.312080060601865888e-06    6.702437634615205451e-06    2.236431685875759333e-05    4.496579653345327769e-05    1.037285188772189761e-04    3.879658115978302721e-04    4.315966112802949563e-04    9.121592374064055211e-05
9.000000000000000000e+01    4.256676296371101897e-06    6.613310419436152996e-06    2.200695688407274344e-05    4.420868043658140903e-05    1.019729102005534425e-04    3.814488634880988378e-04    4.244095758815149958e-04    8.957348415782916194e-05
9.100000000000000000e+01    4.202557837008074396e-06    6.526276794130884360e-06    2.165873531645934812e-05    4.347191564104936840e-05    1.002658667493347156e-04    3.751119248308081478e-04    4.174202525623635991e-04    8.797750646592392924e-05
9.200000000000000000e+01    4.149681090230143155e-06    6.441265393816121953e-06    2.131932625209473735e-05    4.275474659573945266e-05    9.860553026376906013e-05    3.689481149978338114e-04    4.106211108462440328e-04    8.642619725983487938e-05
9.300000000000000000e+01    4.098004405394022124e-06    6.358208040054294712e-06    2.098841872586611039e-05    4.205645347731488124e-05    9.699013289573263136e-05    3.629508877780761094e-04    4.040049850281712969e-04    8.491785068839124409e-05
9.400000000000000000e+01    4.047487966757440970e-06    6.277039565430009459e-06    2.066571587541893431e-05    4.137635014248961950e-05    9.541799188961543033e-05    3.571140117263496105e-04    3.975650528097793420e-04    8.345084329764362527e-05
9.500000000000000000e+01    3.998093693689655693e-06    6.197697649586170746e-06    2.035093416034771261e-05    4.071378221787636984e-05    9.388750462924078262e-05    3.514315518624636352e-04    3.912948153975825006e-04    8.202362922898679667e-05
9.600000000000000000e+01    3.949785147334157335e-06    6.120122665830351075e-06    2.004380263236409338e-05    4.006812531683965196e-05    9.239714402184840553e-05    3.458978526145718929e-04    3.851880789500661153e-04    8.063473574423761633e-05
9.700000000000000000e+01    3.902527443208636108e-06    6.044257537556628025e-06    1.970262790542440072e-05    3.943878337374420040e-05    9.094545419324405434e-05    3.405075219102069849e-04    3.792389372692632358e-04    7.928275905223518738e-05
9.800000000000000000e+01    3.856287169343432232e-06    5.970047603724312703e-06    1.932756809092038124e-05    3.882518708665015590e-05    8.947364745175834634e-05    3.352554163267999808e-04    3.734417556414305222e-04    7.796636041382071453e-05
9.900000000000000000e+01    3.811032309519646890e-06    5.897440492765785115e-06    1.896275411647353710e-05    3.822679246045419414e-05    8.789057918904157648e-05    3.301366272210898159e-04    3.677911557397226211e-04    7.668426250391584796e-05
