# ComponentSize     2.5     5     25     50     75     95     97.5    mean
1.000000000000000000e+00    0.000000000000000000e+00    0.000000000000000000e+00    0.000000000000000000e+00    0.000000000000000000e+00    2.198325392327177968e-02    3.368696150254574251e-01    3.611154929016386350e-01    5.691685860194728441e-02
2.000000000000000000e+00    1.879133723473296880e-01    2.243057329003094735e-01    7.399022877934916531e-01    9.086770726524224795e-01    9.671368339605840303e-01    9.932252945743195172e-01    9.962629884311657857e-01    8.039461416824527085e-01
3.000000000000000000e+00    6.165151209796005663e-04    1.190287027802638606e-03    7.666679831718045159e-03    2.282672688790108456e-02    6.696610636676889050e-02    1.060323702999434597e-01    1.134839765682219004e-01    3.815125392199081311e-02
4.000000000000000000e+00    2.734514064364424119e-04    5.271256684174747227e-04    3.354507458338095403e-03    9.904030356427626428e-03    2.944458016605328715e-02    5.609159548335571760e-02    5.875677258676656467e-02    1.835278685213464697e-02
5.000000000000000000e+00    1.705254721293628789e-04    3.281442125785543088e-04    2.058388120317348070e-03    5.969622850453636283e-03    1.757171929842886449e-02    3.697198942929376397e-02    3.875988269140105691e-02    1.143521289714356445e-02
6.000000000000000000e+00    1.225041358417088173e-04    2.353246743965817635e-04    1.454999666108061944e-03    4.165339711697095895e-03    1.198987046453094986e-02    2.717750433714759620e-02    2.835508869148473110e-02    8.024627167343060738e-03
7.000000000000000000e+00    9.507145751950073112e-05    1.823147846122185288e-04    1.111477495618835723e-03    3.136390343182344272e-03    8.807007862550682298e-03    2.098798453951811541e-02    2.192982142540335702e-02    6.037410750766649369e-03
8.000000000000000000e+00    7.744186459493781853e-05    1.482583489450110586e-04    8.917650178527257920e-04    2.488477522337911862e-03    6.817439900004542905e-03    1.677320279418762286e-02    1.763047480981664097e-02    4.756502270034486217e-03
9.000000000000000000e+00    6.520324197996580154e-05    1.246237353929319637e-04    7.405759169627071977e-04    2.027874143631321503e-03    5.481731928652620184e-03    1.374551797957755846e-02    1.456749451467823954e-02    3.872549530768328030e-03
1.000000000000000000e+01    5.623139037881823770e-05    1.073036262590577541e-04    6.302216622070936670e-04    1.699528338582910903e-03    4.533473440893283357e-03    1.156192320171465365e-02    1.232579961413916500e-02    3.231633554589915039e-03
1.100000000000000000e+01    4.938261030365845658e-05    9.408673533401913235e-05    5.463589862551391238e-04    1.457332513768339489e-03    3.838777603138655587e-03    9.867827671511465379e-03    1.063866437356182637e-02    2.749163833328423841e-03
1.200000000000000000e+01    4.398856987827054265e-05    8.368097844146060954e-05    4.806135318330154128e-04    1.269936832158964071e-03    3.302179234144161663e-03    8.527053721607110587e-03    9.274654462688962028e-03    2.375092420662089018e-03
1.300000000000000000e+01    3.963345981992368532e-05    7.528254144002150872e-05    4.280430236717688310e-04    1.120524709016647389e-03    2.861857045672667674e-03    7.470863154935990583e-03    8.176191185301485281e-03    2.078068689155262126e-03
1.400000000000000000e+01    3.604543282097376149e-05    6.836595495965585385e-05    3.845329749508797235e-04    9.981603733766747366e-04    2.522032684074191830e-03    6.619030714947452508e-03    7.273775343862515404e-03    1.837537988337649550e-03
1.500000000000000000e+01    3.303946935303550878e-05    6.257361744250570536e-05    3.483425555158308384e-04    8.968445782566026973e-04    2.234447954966084157e-03    5.913840791534791773e-03    6.495476765500494618e-03    1.639511567566243316e-03
1.600000000000000000e+01    3.048538431335155903e-05    5.765393422646514796e-05    3.178034323398299180e-04    8.049818389748052876e-04    1.998135716888328924e-03    5.337480990960247369e-03    5.859158962714595270e-03    1.474168185347272996e-03
1.700000000000000000e+01    2.828897490523810227e-05    5.342486765264356871e-05    2.916693997099788086e-04    7.297173689475691715e-04    1.803617208935876393e-03    4.854921449188086789e-03    5.319229835636748137e-03    1.334428204851019093e-03
1.800000000000000000e+01    2.638042778825195703e-05    4.975152382320837958e-05    2.690733252893608130e-04    6.677207741400803922e-04    1.635068240739729738e-03    4.440922117183457307e-03    4.869697761127604607e-03    1.215071339161443147e-03
1.900000000000000000e+01    2.470692699038940434e-05    4.653186171429022716e-05    2.497428422654859349e-04    6.141498719576924965e-04    1.497727649937534260e-03    4.073153135072607976e-03    4.477433541848385885e-03    1.112171845835478821e-03
2.000000000000000000e+01    2.322779099477751687e-05    4.368729235963424054e-05    2.327339742543882602e-04    5.670544089540821824e-04    1.374919661044858013e-03    3.750463526304247033e-03    4.125648335866172536e-03    1.022726135678458763e-03
2.100000000000000000e+01    2.191118561637809674e-05    4.115632464166885709e-05    2.176618335502697303e-04    5.257476847570541388e-04    1.250592482403184262e-03    3.469511774378544570e-03    3.821776158236835780e-03    9.444008438497437409e-04
2.200000000000000000e+01    2.073184844481936742e-05    3.889016674413303627e-05    2.042214263431248482e-04    4.891624183952795937e-04    1.157205274361172145e-03    3.221201505088403753e-03    3.551003154595176129e-03    8.753584848742146894e-04
2.300000000000000000e+01    1.966947996659019546e-05    3.684961643962062058e-05    1.921680359084262913e-04    4.563605965211742547e-04    1.067158347575545944e-03    3.000245932391851569e-03    3.308804076221532817e-03    8.141343424009640220e-04
2.400000000000000000e+01    1.870758444737779814e-05    3.500282082141538891e-05    1.813030992445040083e-04    4.268653333117922969e-04    9.917085888400956062e-04    2.805737417337553826e-03    3.084511316361230465e-03    7.595479558391109425e-04
2.500000000000000000e+01    1.783262063288114512e-05    3.332363492704176880e-05    1.714638659688458744e-04    3.997275950107007070e-04    9.232378180789233262e-04    2.625566902805683694e-03    2.891118001624073952e-03    7.106384402933337832e-04
2.600000000000000000e+01    1.703336991073514133e-05    3.179040070357788851e-05    1.624901406254136552e-04    3.756991965075492284e-04    8.631299569861709950e-04    2.467256793576153278e-03    2.713072791022879109e-03    6.666165232793914725e-04
2.700000000000000000e+01    1.630045971890222459e-05    3.038502604283321515e-05    1.542940790949590677e-04    3.542548360049169588e-04    8.086349728244275918e-04    2.321684039246380091e-03    2.549315886028751151e-03    6.268284996213203996e-04
2.800000000000000000e+01    1.562599950613769334e-05    2.909228135377374652e-05    1.468887433786610303e-04    3.307150177800637515e-04    7.614151158454060628e-04    2.191588259036010046e-03    2.400512670700828688e-03    5.907288106390900335e-04
2.900000000000000000e+01    1.500329944693685475e-05    2.789925607268016889e-05    1.400643706457159075e-04    3.136672028321128174e-04    7.175973793454304417e-04    2.069528487258610362e-03    2.270044328326698869e-03    5.578589495196135950e-04
3.000000000000000000e+01    1.442665079100624114e-05    2.679493428725494703e-05    1.335626763513872428e-04    2.978125466482255471e-04    6.749158148832062670e-04    1.958104396712431576e-03    2.154398848101109383e-03    5.278310654394928903e-04
3.100000000000000000e+01    1.389115266443264781e-05    2.576986012818409388e-05    1.276030841860933767e-04    2.824014751074689330e-04    6.377278228473032490e-04    1.855447945521655848e-03    2.048310791559285800e-03    5.003150980574178541e-04
3.200000000000000000e+01    1.339257426457420208e-05    2.481587155540809382e-05    1.220303974217044549e-04    2.681965770182431416e-04    6.042663730073723899e-04    1.764470484565670979e-03    1.950592502841389528e-03    4.750285928911863477e-04
3.300000000000000000e+01    1.292724429735019025e-05    2.392588678489128220e-05    1.169256358178126482e-04    2.542503251136262604e-04    5.731665713721747872e-04    1.680590802950690564e-03    1.860060918510278872e-03    4.517285726837110904e-04
3.400000000000000000e+01    1.249196158074456564e-05    2.309373161284823951e-05    1.120684973239820703e-04    2.417636955331234014e-04    5.430577138425482248e-04    1.603015814300807942e-03    1.773248419272266266e-03    4.302050000558817503e-04
3.500000000000000000e+01    1.208279266334366829e-05    2.231399879304955683e-05    1.074960784218231553e-04    2.310158388914939460e-04    5.166877141023929355e-04    1.531103778929340103e-03    1.690548989305261677e-03    4.102754823603145442e-04
3.600000000000000000e+01    1.169719603073060213e-05    2.158060207610834993e-05    1.032224700910753417e-04    2.204619494957294661e-04    4.934117257046295507e-04    1.463895077259792527e-03    1.615584473829289594e-03    3.917809540157838450e-04
3.700000000000000000e+01    1.133434385131762972e-05    2.088908057199169471e-05    9.922057889485964941e-05    2.112502247049846389e-04    4.712450396746585427e-04    1.395968610245713589e-03    1.545632155350578230e-03    3.745821337998538861e-04
3.800000000000000000e+01    1.099229314839260221e-05    2.023748970036284362e-05    9.546643791356373878e-05    2.026119174648527085e-04    4.518509116551271544e-04    1.337234667374491469e-03    1.481887848861722324e-03    3.585566008733839815e-04
3.900000000000000000e+01    1.066931566336810551e-05    1.962250404621243864e-05    9.202896104034508995e-05    1.927578239427368714e-04    4.330990886930535474e-04    1.284893674079830208e-03    1.423317039685704057e-03    3.435963680836231463e-04
4.000000000000000000e+01    1.036386903077570990e-05    1.904115626026263956e-05    8.872804665544615707e-05    1.841149014625060210e-04    4.162109395947172176e-04    1.233429783055458445e-03    1.367330022896737392e-03    3.296058574326333709e-04
4.100000000000000000e+01    1.007457247085210874e-05    1.849079021069300669e-05    8.573814404521812066e-05    1.758752591290808291e-04    3.979816820466365048e-04    1.184614816386501002e-03    1.316221667906620433e-03    3.165002027090017063e-04
4.200000000000000000e+01    9.800186195419948557e-06    1.796902129419855870e-05    8.255725006669741364e-05    1.681368679380429334e-04    3.825329032777575935e-04    1.140525907210973968e-03    1.267650411754738752e-03    3.042038197538754723e-04
4.300000000000000000e+01    9.539593882188560274e-06    1.747370266280066955e-05    7.976600904996227186e-05    1.619283693258063322e-04    3.638325772902526248e-04    1.098546811727968637e-03    1.222460018696162973e-03    2.926491968201449492e-04
4.400000000000000000e+01    9.291787697460216156e-06    1.700289636351129949e-05    7.717563953559893628e-05    1.547431551406176840e-04    3.479483524297822942e-04    1.059005531897110356e-03    1.180458847599380988e-03    2.817758668355851959e-04
4.500000000000000000e+01    9.055855445448000843e-06    1.655484857756411697e-05    7.461891344899492006e-05    1.489955045890776803e-04    3.358116868564391165e-04    1.021709386633587111e-03    1.139187005025523239e-03    2.715295307221196890e-04
4.600000000000000000e+01    8.830969500344749745e-06    1.612796829610399000e-05    7.219408915181450500e-05    1.442707636300250170e-04    3.238265553278903749e-04    9.869202387574930145e-04    1.100373035964924808e-03    2.618613067219244489e-04
4.700000000000000000e+01    8.616377239324954360e-06    1.572080888895316232e-05    6.959070604751124429e-05    1.388692661126569904e-04    3.119530353133517569e-04    9.525303510830743312e-04    1.064146843022661416e-03    2.527270852878488400e-04
4.800000000000000000e+01    8.411392744423481312e-06    1.533205211903722009e-05    6.741814556868739108e-05    1.339652855508669644e-04    3.006398092368901234e-04    9.202253666261085881e-04    1.027421359457586893e-03    2.440869727745363183e-04
4.900000000000000000e+01    8.215389581348502755e-06    1.496049423238760608e-05    6.538003245148738029e-05    1.293687420504507479e-04    2.905333887721811602e-04    8.879662187941693213e-04    9.924750545752573320e-04    2.359048101219455163e-04
5.000000000000000000e+01    8.027794495708263190e-06    1.460503381619986228e-05    6.312820466645825625e-05    1.246568573429645329e-04    2.798619896987383912e-04    8.598119187776066602e-04    9.611753280809915041e-04    2.281477551062908050e-04
5.100000000000000000e+01    7.848081893603438706e-06    1.426466116842288855e-05    6.130111515519201049e-05    1.203915297502207476e-04    2.709051183749279653e-04    8.324078465020344443e-04    9.326934799723429672e-04    2.207859186675088261e-04
5.200000000000000000e+01    7.675768995096062566e-06    1.393844896398718395e-05    5.955985595028037054e-05    1.166635188556884665e-04    2.622671712929149123e-04    8.067864980956856655e-04    9.056399212241286311e-04    2.137920473964366583e-04
5.300000000000000000e+01    7.510411566827745100e-06    1.362554403697598387e-05    5.779123926017183123e-05    1.131907943384416134e-04    2.543212094288397826e-04    7.826015506488941684e-04    8.798700165631993158e-04    2.071412455534812631e-04
5.400000000000000000e+01    7.351600154664299541e-06    1.332516012623722800e-05    5.627986396853016239e-05    1.099217877574698582e-04    2.466332833174150014e-04    7.595237775503743596e-04    8.553000973198586878e-04    2.008107310487492565e-04
5.500000000000000000e+01    7.198956749370949334e-06    1.303657145529852929e-05    5.480926861221982515e-05    1.066197657587325640e-04    2.392946280707491935e-04    7.375228969683948537e-04    8.316774195232544192e-04    1.947796206866911036e-04
5.600000000000000000e+01    7.052131828373193021e-06    1.275910703682195236e-05    5.335367270965074961e-05    1.032577279218927836e-04    2.316274387255961187e-04    7.170487815853067524e-04    8.080689997341988567e-04    1.890287407009522266e-04
5.700000000000000000e+01    6.910801725053557238e-06    1.249214560805305863e-05    5.160532202916896755e-05    1.003055961852492088e-04    2.242251771529847344e-04    6.974875619636804495e-04    7.855131249763385760e-04    1.835404592059846469e-04
5.800000000000000000e+01    6.774666284067636217e-06    1.223511111722589136e-05    5.025825979182086718e-05    9.743540150316626304e-05    2.178414722392763600e-04    6.785951437815898688e-04    7.638221790159539087e-04    1.782985376928225237e-04
5.900000000000000000e+01    6.643446767075948918e-06    1.197755238041062712e-05    4.897377982451080652e-05    9.482947921708812715e-05    2.119939798386096105e-04    6.586065653582229675e-04    7.429347934493913666e-04    1.732879991158190456e-04
6.000000000000000000e+01    6.516883978236938333e-06    1.171043960079107817e-05    4.778108005424773139e-05    9.216136906044233661e-05    2.064172697779039813e-04    6.395477743265559666e-04    7.229348040602074678e-04    1.684950104691170338e-04
6.100000000000000000e+01    6.394736583044749795e-06    1.148479859744301562e-05    4.660131990839066801e-05    8.958410932176991343e-05    2.006063367834123661e-04    6.227006298340358485e-04    7.037738932134964247e-04    1.639067780480567673e-04
6.200000000000000000e+01    6.276779597657989786e-06    1.126561889068253226e-05    4.544281355210720189e-05    8.671325621095213418e-05    1.954005779735743886e-04    6.071435737349022361e-04    6.856005747112669342e-04    1.595114538414841806e-04
6.300000000000000000e+01    6.162803028874321881e-06    1.105314668778865263e-05    4.414222602614899476e-05    8.462212293223377317e-05    1.897541646752835408e-04    5.919916899392861946e-04    6.683622203655131995e-04    1.552980517128352430e-04
6.400000000000000000e+01    6.052610647546936430e-06    1.084781310631216259e-05    4.305230565015577299e-05    8.236137605351972416e-05    1.842318316755297463e-04    5.757307140164121765e-04    6.521988529418828052e-04    1.512563722086455000e-04
6.500000000000000000e+01    5.946018880396747899e-06    1.064927030863195108e-05    4.179836132758954796e-05    8.031098422319690202e-05    1.785982548219787578e-04    5.604297901836995978e-04    6.359943242696396463e-04    1.473769349865860178e-04
6.600000000000000000e+01    5.775248328155358725e-06    1.045719258340515566e-05    4.077663470030594775e-05    7.825465789020832105e-05    1.736907428339388906e-04    5.461321671558215822e-04    6.204390441597911398e-04    1.436509179865177153e-04
6.700000000000000000e+01    5.577464862694368153e-06    1.027127461742561368e-05    3.983724626372306898e-05    7.624679493948182307e-05    1.693418891499657490e-04    5.328966003674762619e-04    6.052734426226907003e-04    1.400701025805962312e-04
6.800000000000000000e+01    5.483774714876260120e-06    1.001069564075903045e-05    3.871602122893741762e-05    7.439712836159446496e-05    1.650967138260805945e-04    5.194664848932983685e-04    5.907075880046628582e-04    1.366268240350558105e-04
6.900000000000000000e+01    5.392962026853095978e-06    9.837948810502888646e-06    3.783098215944401315e-05    7.245431955585898210e-05    1.604159229664281808e-04    5.069416004697037013e-04    5.767175502788429199e-04    1.333139266993689097e-04
7.000000000000000000e+01    5.304897562570605511e-06    9.669491590749256237e-06    3.698825676479991828e-05    7.038365927244896356e-05    1.560857574315397235e-04    4.953035304042051465e-04    5.632600715020601298e-04    1.301247234103189963e-04
7.100000000000000000e+01    5.219459689720590784e-06    9.351366220642298114e-06    3.600013791067697917e-05    6.850433390614383026e-05    1.520324864533245050e-04    4.838845257022105677e-04    5.505291086657392897e-04    1.270529586605274289e-04
7.200000000000000000e+01    5.136533829309162444e-06    9.194995607277873289e-06    3.517201738189366207e-05    6.682734073484229405e-05    1.484848141609607596e-04    4.728728235672104629e-04    5.389272677605956227e-04    1.240927751346793876e-04
7.300000000000000000e+01    5.056011952324441262e-06    9.043224862140732682e-06    3.430217608241999138e-05    6.528370821572767203e-05    1.449924334207983124e-04    4.622485930810902709e-04    5.277332861618966526e-04    1.212386832635574884e-04
7.400000000000000000e+01    4.977792118861623520e-06    8.826779190908050690e-06    3.362123558206636903e-05    6.341241141681604285e-05    1.416508592988351589e-04    4.519932235180414582e-04    5.169199200825875000e-04    1.184855334863819574e-04
7.500000000000000000e+01    4.901778055605596299e-06    8.686920459974843011e-06    3.298779960311486176e-05    6.200251678883215317e-05    1.382641970508455872e-04    4.420892339545802658e-04    5.064693102036374678e-04    1.158284909476125769e-04
7.600000000000000000e+01    4.827878767972383372e-06    8.494731845466312352e-06    3.231662818264769121e-05    6.068594988078025287e-05    1.349957755603404543e-04    4.325201906817958053e-04    4.963646600594890605e-04    1.132630123852128399e-04
7.700000000000000000e+01    4.756008183673179867e-06    8.363221322322806671e-06    3.130380385459899612e-05    5.942396681858347471e-05    1.318400554485462382e-04    4.234616586857990229e-04    4.861331868632338461e-04    1.107848249945615727e-04
7.800000000000000000e+01    4.657695585052104249e-06    8.235321683341935916e-06    3.055515714380895986e-05    5.819721401844331983e-05    1.290759013535396917e-04    4.150824989003543998e-04    4.759444035727173001e-04    1.083899070758103327e-04
7.900000000000000000e+01    4.589629850779408943e-06    8.081510516018079992e-06    2.996189612094882145e-05    5.698532878618851199e-05    1.264309387839796114e-04    4.070140419854685718e-04    4.660854210528445887e-04    1.060744702935778860e-04
8.000000000000000000e+01    4.488789755431502632e-06    7.947453875799718751e-06    2.925126639416254949e-05    5.585069400756705423e-05    1.237250158235355009e-04    3.991861335034668497e-04    4.567447486504149119e-04    1.038349433960857743e-04
8.100000000000000000e+01    4.425580171504390113e-06    7.831159917980049152e-06    2.850339963843391918e-05    5.473611090859160878e-05    1.213314489434809363e-04    3.909415596778315961e-04    4.479101172760765310e-04    1.016679572571185981e-04
8.200000000000000000e+01    4.363996836625962449e-06    7.606114532808098756e-06    2.792796390246412135e-05    5.359224182394990059e-05    1.189608296630971073e-04    3.829122677181064820e-04    4.394446922790289046e-04    9.957033111853331889e-05
8.300000000000000000e+01    4.303978495344231884e-06    7.475196994630644745e-06    2.732416770650665912e-05    5.246914634549363423e-05    1.166340845167721158e-04    3.748963934992491321e-04    4.312381305694868838e-04    9.753905992348883510e-05
8.400000000000000000e+01    4.245466920832767763e-06    7.328093349973070280e-06    2.672540557519132310e-05    5.140880959102317438e-05    1.143273080700231371e-04    3.673705118028426208e-04    4.234778823518953357e-04    9.557130264215136747e-05
8.500000000000000000e+01    4.128027390377658694e-06    7.225400244909205939e-06    2.613922629275746985e-05    5.031973922474129225e-05    1.120309130460827332e-04    3.601215643029435421e-04    4.153918315755055933e-04    9.366437150115273320e-05
8.600000000000000000e+01    4.019402857629155420e-06    7.125260254886665004e-06    2.556345211736952232e-05    4.935504431965153651e-05    1.098469278759458282e-04    3.532675209752966393e-04    4.077415661663469164e-04    9.181572203728192072e-05
8.700000000000000000e+01    3.966382676272159406e-06    6.985754619454612657e-06    2.510129777589646896e-05    4.834704973636226220e-05    1.072871024644266372e-04    3.467289866756980451e-04    4.003372184375401498e-04    9.002294390346073647e-05
8.800000000000000000e+01    3.914632202829641980e-06    6.890836276948400807e-06    2.463153544161864376e-05    4.733407784375649686e-05    1.049720385819060591e-04    3.404504092777428897e-04    3.932754945129831930e-04    8.828375236226578514e-05
8.900000000000000000e+01    3.864106923236340620e-06    6.754359300715610103e-06    2.411234451464698987e-05    4.634515458962510189e-05    1.028187122231593188e-04    3.343516948824227998e-04    3.864142964307122965e-04    8.659598040841590323e-05
9.000000000000000000e+01    3.814764373270397192e-06    6.623972127790173982e-06    2.358869378458059904e-05    4.546899231534909163e-05    1.008030071759470419e-04    3.284257632104076608e-04    3.797457724040097476e-04    8.495757146720224722e-05
9.100000000000000000e+01    3.761596020345610276e-06    6.534817190662442854e-06    2.311498467305606042e-05    4.459158964142073917e-05    9.880305685874482676e-05    3.226658875467498821e-04    3.732624610763079034e-04    8.336657262094523632e-05
9.200000000000000000e+01    3.654214456045835514e-06    6.447740831861275490e-06    2.267366439958517821e-05    4.370469872214782206e-05    9.685542781219767534e-05    3.168089422319718277e-04    3.669572680650748072e-04    8.182112831994417653e-05
9.300000000000000000e+01    3.557100595829291779e-06    6.362672912266563041e-06    2.221712481669583215e-05    4.280125643349744159e-05    9.502824141482903077e-05    3.111890399192037576e-04    3.608224355938005135e-04    8.031947453839711744e-05
9.400000000000000000e+01    3.492248738402140514e-06    6.279546391392666703e-06    2.177316882309415221e-05    4.206299744283617580e-05    9.326670342303054187e-05    3.056679505940410632e-04    3.547420288757786801e-04    7.885993333943610445e-05
9.500000000000000000e+01    3.450474337413397198e-06    6.136804320785500081e-06    2.134426979356304391e-05    4.134419994879334450e-05    9.142249798605031142e-05    3.002585758880521138e-04    3.489025933842338943e-04    7.744090781663373266e-05
9.600000000000000000e+01    3.406690425672061167e-06    6.058723316836967222e-06    2.097919651281274662e-05    4.039583654572174098e-05    8.971281478697208829e-05    2.952710845383608486e-04    3.432478258234568477e-04    7.606087738225598689e-05
9.700000000000000000e+01    3.345324515148180011e-06    5.982367095229329363e-06    2.059497512357334542e-05    3.955808129451010108e-05    8.805697359093563937e-05    2.904147067091985006e-04    3.377618834016342950e-04    7.471839337513308456e-05
9.800000000000000000e+01    3.305992332192337797e-06    5.907680490408572644e-06    2.018531909474679815e-05    3.890578117895169272e-05    8.654307410454037646e-05    2.856847034860319850e-04    3.323276792593465151e-04    7.341207496348387397e-05
9.900000000000000000e+01    3.267495734477307340e-06    5.834610647811670364e-06    1.980596430053302372e-05    3.822679246045419414e-05    8.498289109362519220e-05    2.810765534087257501e-04    3.270341184862327337e-04    7.214060532002709142e-05
