# ComponentSize     2.5     5     25     50     75     95     97.5    mean
1.000000000000000000e+00    0.000000000000000000e+00    0.000000000000000000e+00    0.000000000000000000e+00    0.000000000000000000e+00    4.383525439005651891e-02    3.431956621844265976e-01    3.637890625064109651e-01    6.040752192874186688e-02
2.000000000000000000e+00    1.792248135468894332e-01    2.143768367756955229e-01    7.231069404606255135e-01    9.060899189329238990e-01    9.646760783474871426e-01    9.920107295753060050e-01    9.950394963378091928e-01    7.961606716997960964e-01
3.000000000000000000e+00    7.365717059476979689e-04    1.448642405034416365e-03    8.529793388661565529e-03    2.446887579778914135e-02    6.813238518154732248e-02    1.062118778229899779e-01    1.141864955993088654e-01    3.901326431831283331e-02
4.000000000000000000e+00    3.265684137300742425e-04    6.410357800581483693e-04    3.731741766339100909e-03    1.060899377005644802e-02    2.977388002858430069e-02    5.636378960910188446e-02    5.886191738960255826e-02    1.886866610244951684e-02
5.000000000000000000e+00    2.035580938791452937e-04    3.987063201633301202e-04    2.287616567208896733e-03    6.399657893011329382e-03    1.769989883369831735e-02    3.751098145772441966e-02    3.908931416606833270e-02    1.178834176824838237e-02
6.000000000000000000e+00    1.461688809494491453e-04    2.856774316262767894e-04    1.618236897740400575e-03    4.438123448550945066e-03    1.208570039099785345e-02    2.751402363082137634e-02    2.856675310525147796e-02    8.285324328191359666e-03
7.000000000000000000e+00    1.133867389873899323e-04    2.211345726475438594e-04    1.237120696593294739e-03    3.336494319535241761e-03    8.917586197913043508e-03    2.123054871073971547e-02    2.216336502033966135e-02    6.239768643832906830e-03
8.000000000000000000e+00    9.232075073849663432e-05    1.796750088036989164e-04    9.918053160772332972e-04    2.635907902083454209e-03    6.937937215882617262e-03    1.712338235080670956e-02    1.778391542020730728e-02    4.919325252466679940e-03
9.000000000000000000e+00    7.769759922648882097e-05    1.509073873147117532e-04    8.226944275880804019e-04    2.156460479159406397e-03    5.605763620236734086e-03    1.413492668159161900e-02    1.470437619409093767e-02    4.007158856424818463e-03
1.000000000000000000e+01    6.697850003957111858e-05    1.298292207319196468e-04    6.995093187574659118e-04    1.810598510533729943e-03    4.641175084716239220e-03    1.185950307991822175e-02    1.237434321905449795e-02    3.345297853592874016e-03
1.100000000000000000e+01    5.879655970435537012e-05    1.137473805114772333e-04    6.065421121943117373e-04    1.552375905180240160e-03    3.897015960964287078e-03    1.012347343955416999e-02    1.064250202676593482e-02    2.846786406821762063e-03
1.200000000000000000e+01    5.235290147670537990e-05    1.010882987235695810e-04    5.325823189211697237e-04    1.347354093831711541e-03    3.344713458902930873e-03    8.799631136112286839e-03    9.287564035329501366e-03    2.460113621439947128e-03
1.300000000000000000e+01    4.715006058683605901e-05    9.087309022909612207e-05    4.732115315077133500e-04    1.183255373623337591e-03    2.912354979338814282e-03    7.712295756690661606e-03    8.196521835031474537e-03    2.152981083701976765e-03
1.400000000000000000e+01    4.280451549090265502e-05    8.246186682880907171e-05    4.245245152598318885e-04    1.050444899346235274e-03    2.562344397264274681e-03    6.827314765142200592e-03    7.282990504507863908e-03    1.904196321410056916e-03
1.500000000000000000e+01    3.916496178763750815e-05    7.541918073415766516e-05    3.847581900559604627e-04    9.416097626541929892e-04    2.282311133974054482e-03    6.111497267967394391e-03    6.544544013499718066e-03    1.699327508482061187e-03
1.600000000000000000e+01    3.609578181143165333e-05    6.943868214519896434e-05    3.503110055101253022e-04    8.507931162439676554e-04    2.045695637598158884e-03    5.501825920307796235e-03    5.906018667654578183e-03    1.528237206234207010e-03
1.700000000000000000e+01    3.348173596244188838e-05    6.429872680889843907e-05    3.211139261095323646e-04    7.724242400425306281e-04    1.844732100053740002e-03    4.996736823643795414e-03    5.374027881077435807e-03    1.383614836829622332e-03
1.800000000000000000e+01    3.121048285870703945e-05    5.983507954290334332e-05    2.960696359107892368e-04    7.063894358997865105e-04    1.670998603655132753e-03    4.552792412830367064e-03    4.910781785836554163e-03    1.260068007478706061e-03
1.900000000000000000e+01    2.921911776175601741e-05    5.592351020257964024e-05    2.740726781591664514e-04    6.479464675117123330e-04    1.523778786474467737e-03    4.175682387321696422e-03    4.512387833821325869e-03    1.153540425837165217e-03
2.000000000000000000e+01    2.745918938267036925e-05    5.246834527995107404e-05    2.551201200106522509e-04    5.967357555567898066e-04    1.396005125684739168e-03    3.853960166579533178e-03    4.163554824145572833e-03    1.060927910134079784e-03
2.100000000000000000e+01    2.589278438772057335e-05    4.939472989670243335e-05    2.382879520638727842e-04    5.521308856755008897e-04    1.283914635584131698e-03    3.558385150764173128e-03    3.853382696468926182e-03    9.798184938237365985e-04
2.200000000000000000e+01    2.448981687810439020e-05    4.664327150175284981e-05    2.229987086337904497e-04    5.133969994991722857e-04    1.184714349130998323e-03    3.306412062604425009e-03    3.586625384443689526e-03    9.083124960849264882e-04
2.300000000000000000e+01    2.322611200721313329e-05    4.416625314346540827e-05    2.093773733369362199e-04    4.779603497794281163e-04    1.096337151035574635e-03    3.072887414583017063e-03    3.350683953936655930e-03    8.448954246758605792e-04
2.400000000000000000e+01    2.208202533893452964e-05    4.192490554879168028e-05    1.972180426226609697e-04    4.465082891542779698e-04    1.022912570555973514e-03    2.862708525619144396e-03    3.136814165910458904e-03    7.883465690597409427e-04
2.500000000000000000e+01    2.104143124856733388e-05    3.988740851477650355e-05    1.862841966450849208e-04    4.189430465954332040e-04    9.570573712155182669e-04    2.673474483843837294e-03    2.938663154681302268e-03    7.376721888915166664e-04
2.600000000000000000e+01    2.008572216618205361e-05    3.802740416800432855e-05    1.762266651289651459e-04    3.926733603732154940e-04    8.951571796304504287e-04    2.510440489120412642e-03    2.759585546197051292e-03    6.920559592551785589e-04
2.700000000000000000e+01    1.917603433167676069e-05    3.632287562345469338e-05    1.672097240232991641e-04    3.686085117890579429e-04    8.426267911765416728e-04    2.364824075993020649e-03    2.594142759629175336e-03    6.508217224780609876e-04
2.800000000000000000e+01    1.835122253691268241e-05    3.475571703050676215e-05    1.589529390860699391e-04    3.468822379855225277e-04    7.929642638807533547e-04    2.234496445879620430e-03    2.446259664282206172e-03    6.134051474670823003e-04
2.900000000000000000e+01    1.761488340480367253e-05    3.331012536988260474e-05    1.506872343449162368e-04    3.276031742377452042e-04    7.474561047530288091e-04    2.113476858482285243e-03    2.313684769322914281e-03    5.793319243910208553e-04
3.000000000000000000e+01    1.693306791517249434e-05    3.197230295017102397e-05    1.438029367181565762e-04    3.105617140535495754e-04    7.049766754737427565e-04    2.004498899547296417e-03    2.191784595594838212e-03    5.482008143842880769e-04
3.100000000000000000e+01    1.629997129969340655e-05    3.073390193387849336e-05    1.370910638869304063e-04    2.946926279580260630e-04    6.674815908007522211e-04    1.903612986013376905e-03    2.082154637611491940e-03    5.196703476351251846e-04
3.200000000000000000e+01    1.571058258618218082e-05    2.958531507753296483e-05    1.311136221063991403e-04    2.798247748555143018e-04    6.309974736569486271e-04    1.811096426665795896e-03    1.979863724020200239e-03    4.934482923779517742e-04
3.300000000000000000e+01    1.516055360819079969e-05    2.851397909053510400e-05    1.254220615212945755e-04    2.647221187379460204e-04    5.994544093181794183e-04    1.720993452262844017e-03    1.885385638881771110e-03    4.692832491812486866e-04
3.400000000000000000e+01    1.464609309308240835e-05    2.748873318629112419e-05    1.201052788341351731e-04    2.521990583987071370e-04    5.692878744208183317e-04    1.637244085973166242e-03    1.798344595979011916e-03    4.469578903470181682e-04
3.500000000000000000e+01    1.416388040592134145e-05    2.653891010892545037e-05    1.149776600031748278e-04    2.404175492367482980e-04    5.435058166493654357e-04    1.563185637824774472e-03    1.718992757439978709e-03    4.262834836527572323e-04
3.600000000000000000e+01    1.371099482522002090e-05    2.565357636666319412e-05    1.104289760441894754e-04    2.290877162781087628e-04    5.183035557205193126e-04    1.494623420430018319e-03    1.642259553024136981e-03    4.070954268201873796e-04
3.700000000000000000e+01    1.328477559604402564e-05    2.482173541562015021e-05    1.061122019719373062e-04    2.194031947591751634e-04    4.946742781489608552e-04    1.432125813029987323e-03    1.571385901090912619e-03    3.892495833579430464e-04
3.800000000000000000e+01    1.286952755860573655e-05    2.404320114295179203e-05    1.021027969115595072e-04    2.103337728217360969e-04    4.734581485756882168e-04    1.369847605870728362e-03    1.506943520638769681e-03    3.726192582658599561e-04
3.900000000000000000e+01    1.243789775665499774e-05    2.330851329315627795e-05    9.841213873244532371e-05    2.009006093085823259e-04    4.536430800978671343e-04    1.312178192640012448e-03    1.445882711672682921e-03    3.570926880262206208e-04
4.000000000000000000e+01    1.207017297258675568e-05    2.258198363395905664e-05    9.475103422655048241e-05    1.931537126690812452e-04    4.341382706589196842e-04    1.259959019222691096e-03    1.390000730458868265e-03    3.425709465328096457e-04
4.100000000000000000e+01    1.171877577257025914e-05    2.184999278985214904e-05    9.138872069535324905e-05    1.849637791573282674e-04    4.164263527659038504e-04    1.212779544659256699e-03    1.337970973600726039e-03    3.289661893984761583e-04
4.200000000000000000e+01    1.138481677647493530e-05    2.122837173519443596e-05    8.816509601121359438e-05    1.779403008303936029e-04    3.997304123749084682e-04    1.166157148232497371e-03    1.287836388287915811e-03    3.162001750785567835e-04
4.300000000000000000e+01    1.106785685832479176e-05    2.056021637160636493e-05    8.510163131732735131e-05    1.707107304460397240e-04    3.847322361436337698e-04    1.123901867533636358e-03    1.239530909747975492e-03    3.042030136423185178e-04
4.400000000000000000e+01    1.076664852411332942e-05    2.000380243687350417e-05    8.227300238078842718e-05    1.642432469494722435e-04    3.703407601813017312e-04    1.081668555308854494e-03    1.194637211955068860e-03    2.929121036947011448e-04
4.500000000000000000e+01    1.036539195449156978e-05    1.947435586437605662e-05    7.954985702443817227e-05    1.579644992223255546e-04    3.566347429498474097e-04    1.043920405889732029e-03    1.153805777008308324e-03    2.822712255425939413e-04
4.600000000000000000e+01    1.003726172719365311e-05    1.884077393819112812e-05    7.685061869595001993e-05    1.524306733900264411e-04    3.437568893332219400e-04    1.008834464857220545e-03    1.114775987108829495e-03    2.722297646964756549e-04
4.700000000000000000e+01    9.765536639017520412e-06    1.829633818297730097e-05    7.436865300682349051e-05    1.470711694037528817e-04    3.312248117774453660e-04    9.749027560901034339e-04    1.077315614863830337e-03    2.627420445628135082e-04
4.800000000000000000e+01    9.508283988622880103e-06    1.783596962425611812e-05    7.200430178665418954e-05    1.420124019219953142e-04    3.184793137512935933e-04    9.440736955137398346e-04    1.041472181074818001e-03    2.537667509876636533e-04
4.900000000000000000e+01    9.287507561084678117e-06    1.734960379623854532e-05    6.983348426081751540e-05    1.371807564871089960e-04    3.069638185509013717e-04    9.147364311097385976e-04    1.007645522686976755e-03    2.452664343686449542e-04
5.000000000000000000e+01    9.076208967846582796e-06    1.693490928414984062e-05    6.780226799782198568e-05    1.325725404018124006e-04    2.965073644118777882e-04    8.833940622923581402e-04    9.750177031198929353e-04    2.372070775176856239e-04
5.100000000000000000e+01    8.873795529471870030e-06    1.654106888668421195e-05    6.581213928082572310e-05    1.282398812443009647e-04    2.866895374023338073e-04    8.542932762340714253e-04    9.440947393363256996e-04    2.295577194574972108e-04
5.200000000000000000e+01    8.651270200053867034e-06    1.616383406566526936e-05    6.389066092039160304e-05    1.239403093285391380e-04    2.769713578670408936e-04    8.284047675278304957e-04    9.158625131409181379e-04    2.222901269629505301e-04
5.300000000000000000e+01    8.408306693784609224e-06    1.580201889576701978e-05    6.217930416601277278e-05    1.199583444580006486e-04    2.680164217166867893e-04    8.022857326159333257e-04    8.878607752810207783e-04    2.153785069914344137e-04
5.400000000000000000e+01    8.229163930010569429e-06    1.545471138131584516e-05    6.045225212035108890e-05    1.164720777013952775e-04    2.594688086230299753e-04    7.783718079821244900e-04    8.624678180711373154e-04    2.087992542408761726e-04
5.500000000000000000e+01    8.016255078310999697e-06    1.495765554300236253e-05    5.873351286720687546e-05    1.125881019234398217e-04    2.514427260140900426e-04    7.548062622822105001e-04    8.382353525604252986e-04    2.025307289772199787e-04
5.600000000000000000e+01    7.851079364991651321e-06    1.463750171021596343e-05    5.709465766013110548e-05    1.093406041190399155e-04    2.438691721479073851e-04    7.320116918962340678e-04    8.145530218895716225e-04    1.965530610206103583e-04
5.700000000000000000e+01    7.692096790733573744e-06    1.433042594243904293e-05    5.560979347278151405e-05    1.062405093358274606e-04    2.361550228740771082e-04    7.102858920629976421e-04    7.918051946574605326e-04    1.908479764011151904e-04
5.800000000000000000e+01    7.538968858154881300e-06    1.402422514188517987e-05    5.404451432470376381e-05    1.030727548763023954e-04    2.290323416596510360e-04    6.905357836931410231e-04    7.707626600364398143e-04    1.853986437127879100e-04
5.900000000000000000e+01    7.391381228938115416e-06    1.371450753074620611e-05    5.255179676468014485e-05    1.002136984770053306e-04    2.224809201432170161e-04    6.709761164567626304e-04    7.506749852577681691e-04    1.801895376287716941e-04
6.000000000000000000e+01    7.249041609030935363e-06    1.343505817410684941e-05    5.112102461654823460e-05    9.721938408476090906e-05    2.165489228413045681e-04    6.518913641066039540e-04    7.313791105134190458e-04    1.752063174041110943e-04
6.100000000000000000e+01    7.060182371427837479e-06    1.316553275193327392e-05    4.974919727878697592e-05    9.432170663213080024e-05    2.100098195654230017e-04    6.350968382520257678e-04    7.125387237362985123e-04    1.704357184996366627e-04
6.200000000000000000e+01    6.927083156592589776e-06    1.290542238066026431e-05    4.841291969285425233e-05    9.163735261074267783e-05    2.044032065557837359e-04    6.184882233060298544e-04    6.944265832894998660e-04    1.658654557195603533e-04
6.300000000000000000e+01    6.794909675701101447e-06    1.265425218275403009e-05    4.718482767648752858e-05    8.921440173459616778e-05    1.991682640398712131e-04    6.032007735032302422e-04    6.777536678082363500e-04    1.614841364746833754e-04
6.400000000000000000e+01    6.667190364238822287e-06    1.241157849972355495e-05    4.596523826756423233e-05    8.692029826635692665e-05    1.936271818358818904e-04    5.888310508866563802e-04    6.602316999055000404e-04    1.572811829700200765e-04
6.500000000000000000e+01    6.500922556178070005e-06    1.213707346895646464e-05    4.480043661668644774e-05    8.449404372361349639e-05    1.886128227913640425e-04    5.743396605246539523e-04    6.443437302762658036e-04    1.532467622744051940e-04
6.600000000000000000e+01    6.332579821621572798e-06    1.191165591908326556e-05    4.368655628885245409e-05    8.217712733821140960e-05    1.834395479138148540e-04    5.602159098794354426e-04    6.293241386611136317e-04    1.493717233655217824e-04
6.700000000000000000e+01    6.224569096594830794e-06    1.169405684215048675e-05    4.258348493566183925e-05    8.010428052995061891e-05    1.788077708849089510e-04    5.458962490197337945e-04    6.149460942329133600e-04    1.456475403601659787e-04
6.800000000000000000e+01    6.119931187792286032e-06    1.148337529163152180e-05    4.157796284493885488e-05    7.797848667592178931e-05    1.741568827954983415e-04    5.331369675681900920e-04    6.013061169618722814e-04    1.420662612395254731e-04
6.900000000000000000e+01    6.018512231472107430e-06    1.125121273840734089e-05    4.058552047620208659e-05    7.620293710759582688e-05    1.699557858908931152e-04    5.208565158037538638e-04    5.872290908271129593e-04    1.386204614650851359e-04
7.000000000000000000e+01    5.920167553922225772e-06    1.105456609933764338e-05    3.957716112566595488e-05    7.434448378994525726e-05    1.656464533291296935e-04    5.087508852579890719e-04    5.737475493952250540e-04    1.353032019551531236e-04
7.100000000000000000e+01    5.824760996336795633e-06    1.080312716436253415e-05    3.864457950832419245e-05    7.237147544602928273e-05    1.612989086252191047e-04    4.972331447803532076e-04    5.613669023786697172e-04    1.321079909560532862e-04
7.200000000000000000e+01    5.732164298315568714e-06    1.061331355976398586e-05    3.776015133530170967e-05    7.069254104338890360e-05    1.571111872723394618e-04    4.849983927792434228e-04    5.492808435450358779e-04    1.290287493976442529e-04
7.300000000000000000e+01    5.582919661412933228e-06    1.043512018223749956e-05    3.687818707962332626e-05    6.903804147401406820e-05    1.532199139043246520e-04    4.742661709019431395e-04    5.373061129110941929e-04    1.260597793712248994e-04
7.400000000000000000e+01    5.496055182746413944e-06    1.024231169484419161e-05    3.596394116788393102e-05    6.745719152602845030e-05    1.497637424975499574e-04    4.631831191874251612e-04    5.252804304332540745e-04    1.231957354097187331e-04
7.500000000000000000e+01    5.411645288401026851e-06    1.004954040177950791e-05    3.514151351524210970e-05    6.572749876481056967e-05    1.464192246624868379e-04    4.534072287802992478e-04    5.137302063665222891e-04    1.204315982868643588e-04
7.600000000000000000e+01    5.316303765943620357e-06    9.733215270850937724e-06    3.435472693794851989e-05    6.409817123034497520e-05    1.432482778634593275e-04    4.440934858056466380e-04    5.029230823871887147e-04    1.177626510840663556e-04
7.700000000000000000e+01    5.181205803811771416e-06    9.560285279107015241e-06    3.353091127338696275e-05    6.272635006468276256e-05    1.402082516466343404e-04    4.336235093136804283e-04    4.929523063624635616e-04    1.151844573016582248e-04
7.800000000000000000e+01    5.105010299733162520e-06    9.405778270518544212e-06    3.276071461820700119e-05    6.131204363976970704e-05    1.369003009348783288e-04    4.248799818371361389e-04    4.834311319816602336e-04    1.126928408157745607e-04
7.900000000000000000e+01    4.994651585127740866e-06    9.254818655972662660e-06    3.205325024258360564e-05    5.992266569450551436e-05    1.337449597160185011e-04    4.164516282730375187e-04    4.742127537111855379e-04    1.102838675038175342e-04
8.000000000000000000e+01    4.919221100801987887e-06    9.111140338926372299e-06    3.126542223707284038e-05    5.862291572186226565e-05    1.306840308872149838e-04    4.082908678591867595e-04    4.652930779433903812e-04    1.079538283803578949e-04
8.100000000000000000e+01    4.845794645837459144e-06    8.952729289802045868e-06    3.062775500986730565e-05    5.727333823150400116e-05    1.277583832915567296e-04    4.002716327490405583e-04    4.562098091454012982e-04    1.056992241021461205e-04
8.200000000000000000e+01    4.741907807024495684e-06    8.814626323345310074e-06    2.996706752809167240e-05    5.599418478956995045e-05    1.251819185272548865e-04    3.924506450499791140e-04    4.474620878958787597e-04    1.035167507157351980e-04
8.300000000000000000e+01    4.661289796492397609e-06    8.680855399648334123e-06    2.933646759228624928e-05    5.479166406836531744e-05    1.224385848668849532e-04    3.839265533874999781e-04    4.385248627552555613e-04    1.014032865340907434e-04
8.400000000000000000e+01    4.574916316866079671e-06    8.536548957680654455e-06    2.872701682387898147e-05    5.364200732220864113e-05    1.198867312784369856e-04    3.755976117784934538e-04    4.301328368347500492e-04    9.935588004056597369e-05
8.500000000000000000e+01    4.500820181140302967e-06    8.407748140792915714e-06    2.807336307642670545e-05    5.247703096365827907e-05    1.174500852449303318e-04    3.684143565812663182e-04    4.218448001476444260e-04    9.737173872841903960e-05
8.600000000000000000e+01    4.410164751279218768e-06    8.252723386529425779e-06    2.744935553105434551e-05    5.147380561804297918e-05    1.150887395966199568e-04    3.607729140286176938e-04    4.138465209458220650e-04    9.544821879363351821e-05
8.700000000000000000e+01    4.351207365125838055e-06    8.127305738496591223e-06    2.686299954852299602e-05    5.038344203366685356e-05    1.126724787798847921e-04    3.540796552302626619e-04    4.062082894094280337e-04    9.358281560657839523e-05
8.800000000000000000e+01    4.293668449127671024e-06    8.005064666682262342e-06    2.628149238984633508e-05    4.931509096976506432e-05    1.105191446903755833e-04    3.477625888905732363e-04    3.990445542802778544e-04    9.177315489553018962e-05
8.900000000000000000e+01    4.210541819001054493e-06    7.885885896471350796e-06    2.566577900443755821e-05    4.834439511322917275e-05    1.082447721373539081e-04    3.411081927046705946e-04    3.920841234667919750e-04    9.001698458144747272e-05
9.000000000000000000e+01    4.104923396043030998e-06    7.770060360776230877e-06    2.510810504885168135e-05    4.742596818631029953e-05    1.062008719531866760e-04    3.343819035305967179e-04    3.851173998931581169e-04    8.831216720913021305e-05
9.100000000000000000e+01    3.982112594874457446e-06    7.665431588409301713e-06    2.461423723207235029e-05    4.655250774132820013e-05    1.044090372057760536e-04    3.285607217797061920e-04    3.784106071896026105e-04    8.665667292517252606e-05
9.200000000000000000e+01    3.912907157377223443e-06    7.554114784275575043e-06    2.416908722033286975e-05    4.565700090737507307e-05    1.025919485591373048e-04    3.230835240732834643e-04    3.721185333948611612e-04    8.504857295767111105e-05
9.300000000000000000e+01    3.862657522594166670e-06    7.428317414636768404e-06    2.371013728953243248e-05    4.474116921463345257e-05    1.004594205991326926e-04    3.171406983589506270e-04    3.659968585103276040e-04    8.348603355678123469e-05
9.400000000000000000e+01    3.813549965008057273e-06    7.323643141762376416e-06    2.326868585959216426e-05    4.391144388593307634e-05    9.852714668991334978e-05    3.120067599891271121e-04    3.598229319154315812e-04    8.196731035901800915e-05
9.500000000000000000e+01    3.735376901688699847e-06    7.221428634721167571e-06    2.285745407459701948e-05    4.315882843964892164e-05    9.681168427499093666e-05    3.069079846340866478e-04    3.537047425750962349e-04    8.049074314151113410e-05
9.600000000000000000e+01    3.689021748233687360e-06    7.121591851920401999e-06    2.243117732916814354e-05    4.233292262344145963e-05    9.498435445246393200e-05    3.009797574675057577e-04    3.475721251288215147e-04    7.905475093545115634e-05
9.700000000000000000e+01    3.643684494054254813e-06    7.020235395220060748e-06    2.201460431310101458e-05    4.165428193148589290e-05    9.307058103822350454e-05    2.957920465990342184e-04    3.417477503174218474e-04    7.765782747065656181e-05
9.800000000000000000e+01    3.599332645356005555e-06    6.916632689260442597e-06    2.160465020696578529e-05    4.083998197230176452e-05    9.160980596991333692e-05    2.905524683429937466e-04    3.361246525285769443e-04    7.629853692570732560e-05
9.900000000000000000e+01    3.555935068432821832e-06    6.820410938592959942e-06    2.122818181215050334e-05    4.000559522961119933e-05    8.997281269712819338e-05    2.857758476770822214e-04    3.307048895742033322e-04    7.497550996021680187e-05
