# ComponentSize     2.5     5     25     50     75     95     97.5    mean
1.000000000000000000e+00    0.000000000000000000e+00    0.000000000000000000e+00    0.000000000000000000e+00    0.000000000000000000e+00    0.000000000000000000e+00    3.164736862701958975e-01    3.627777627386084003e-01    4.076001044133947121e-02
2.000000000000000000e+00    2.146736939865113714e-01    3.251960910462512455e-01    8.705879306210384527e-01    9.540326401727696748e-01    9.806046363741857119e-01    9.951279318104951921e-01    9.970289114664350194e-01    8.700236770301595923e-01
3.000000000000000000e+00    4.208271298499704311e-04    7.538578939800493059e-04    4.016034987216620875e-03    1.082838333033714177e-02    2.998770550018008824e-02    9.803297244058578608e-02    1.072001019657140841e-01    2.452637166749882872e-02
4.000000000000000000e+00    1.867521928579350969e-04    3.341838744136279801e-04    1.768702836668267688e-03    4.728223043985704983e-03    1.297886243508060075e-02    5.322090131056572693e-02    5.696979783334063518e-02    1.164251891646355709e-02
5.000000000000000000e+00    1.165276698282049508e-04    2.082206905482135635e-04    1.093463245304474247e-03    2.892622762525071372e-03    7.801448384792561419e-03    3.558762090151411372e-02    3.791218037227796905e-02    7.236938051320809633e-03
6.000000000000000000e+00    8.376157793930912130e-05    1.494959815769172722e-04    7.789377194887879378e-04    2.037614150757940078e-03    5.396689602099397770e-03    2.548527737905224855e-02    2.775901966633416429e-02    5.080381718654317612e-03
7.000000000000000000e+00    6.504199082788203815e-05    1.159128334091399964e-04    5.997467061443040141e-04    1.551604008264567463e-03    4.037898270153832299e-03    1.924903648952406079e-02    2.145768225092813813e-02    3.827262175085872128e-03
8.000000000000000000e+00    5.301067985371145619e-05    9.430884744864194685e-05    4.845869874021990244e-04    1.240939851079140037e-03    3.178260978648675145e-03    1.518128657138652360e-02    1.724322657926230518e-02    3.020208328369687265e-03
9.000000000000000000e+00    4.465755970969530843e-05    7.932034020155105908e-05    4.050178281401081129e-04    1.026328094148495386e-03    2.590953559270997575e-03    1.233386122126658643e-02    1.422693472275104315e-02    2.463208030537489355e-03
1.000000000000000000e+01    3.853341001627180116e-05    6.834024278685165777e-05    3.467045516586086387e-04    8.700068430014409968e-04    2.165560892117328329e-03    1.025724202867346439e-02    1.195236217653945256e-02    2.059111003296091019e-03
1.100000000000000000e+01    3.381331266954156704e-05    5.993526747336883997e-05    3.023424002874016813e-04    7.515836286137667294e-04    1.847136227989208766e-03    8.680745223514694728e-03    1.017003660273571933e-02    1.754649044121512052e-03
1.200000000000000000e+01    3.013192085033973000e-05    5.333434001480937296e-05    2.674151545099484693e-04    6.589789101262337684e-04    1.598287435590715726e-03    7.438335396667331706e-03    8.817671273703127019e-03    1.518349233038728289e-03
1.300000000000000000e+01    2.716239867573680403e-05    4.802541662694273847e-05    2.392429955394881108e-04    5.845032957774387800e-04    1.398377949274916179e-03    6.453758168971829128e-03    7.733470583360435580e-03    1.330511569143927016e-03
1.400000000000000000e+01    2.471561463934405251e-05    4.365143564274320587e-05    2.160419832215610672e-04    5.235074848888486782e-04    1.237853164181013533e-03    5.674835951736016855e-03    6.850516714290661412e-03    1.178224521172689058e-03
1.500000000000000000e+01    2.263771358614123010e-05    3.999446924396167041e-05    1.967744121719585207e-04    4.728253987296131972e-04    1.106368940309577966e-03    5.030342496181207379e-03    6.112862937721247163e-03    1.052701544981872852e-03
1.600000000000000000e+01    2.088739109125519079e-05    3.688582651616990736e-05    1.804434848488355256e-04    4.301511766682057625e-04    9.959656313986730604e-04    4.506562860767442981e-03    5.499598263487491014e-03    9.477729270025052940e-04
1.700000000000000000e+01    1.937950824100056354e-05    3.420444771711021173e-05    1.664028344984720437e-04    3.936422897534815534e-04    9.015795017119651675e-04    4.060536459148797114e-03    4.977408848713509200e-03    8.589899736711020762e-04
1.800000000000000000e+01    1.806324831080143148e-05    3.187298027889481688e-05    1.542391822759376415e-04    3.621922395886758347e-04    8.211663293726105843e-04    3.681258147828402050e-03    4.537533499413635291e-03    7.830710890591399296e-04
1.900000000000000000e+01    1.691346905096255564e-05    2.982780132949618105e-05    1.435399606574025129e-04    3.347944566152712218e-04    7.520343382184657699e-04    3.360793085995031782e-03    4.150407624523609097e-03    7.175473031621122958e-04
2.000000000000000000e+01    1.589729210860927418e-05    2.802821746033339113e-05    1.341347450920977210e-04    3.106736612043272641e-04    6.918698950566199790e-04    3.075051084759843761e-03    3.823089502250981257e-03    6.605286110080267961e-04
2.100000000000000000e+01    1.499283222975417417e-05    2.642659676484099114e-05    1.257298909176545799e-04    2.894633600503792171e-04    6.391386174941031915e-04    2.836613733734478105e-03    3.534653869320798954e-03    6.105459105116427428e-04
2.200000000000000000e+01    1.418277246197943767e-05    2.499211211215259369e-05    1.182284861394433917e-04    2.705977041903280360e-04    5.928220882540138079e-04    2.623997623005260970e-03    3.274561476653202203e-03    5.664416144985475257e-04
2.300000000000000000e+01    1.345418197398932560e-05    2.367866193539125094e-05    1.115457030482799156e-04    2.535972925057453651e-04    5.520297881679013833e-04    2.434667011367258865e-03    3.039646442251181004e-03    5.272924001008496469e-04
2.400000000000000000e+01    1.280114998747155287e-05    2.250721345347921296e-05    1.054977552273008595e-04    2.384460520024773978e-04    5.144137121111113124e-04    2.266608971276639229e-03    2.840603244496897259e-03    4.923536574815057156e-04
2.500000000000000000e+01    1.220732576959722153e-05    2.144176318411585941e-05    9.998589875989231403e-05    2.246329133361491697e-04    4.811883935529155318e-04    2.113430672250697293e-03    2.656242544842583007e-03    4.610188869266586319e-04
2.600000000000000000e+01    1.166481795343657593e-05    2.047021581317870424e-05    9.492398827816157618e-05    2.121465200634206302e-04    4.514499125997588173e-04    1.974386470502804969e-03    2.494535673091805364e-03    4.327895815165512679e-04
2.700000000000000000e+01    1.116727663833547922e-05    1.958108398510068453e-05    9.035683706315090374e-05    2.007896812351302825e-04    4.246895874714608134e-04    1.854755674474955736e-03    2.345372883162557057e-03    4.072525864026713040e-04
2.800000000000000000e+01    1.070935579875594331e-05    1.876493106697368421e-05    8.615282844851178856e-05    1.903114402450440887e-04    4.003962739183186030e-04    1.745560786061867674e-03    2.212680733058714280e-03    3.840628692755183307e-04
2.900000000000000000e+01    1.028668141179263197e-05    1.801148598122579624e-05    8.226254587508541501e-05    1.807952485610157161e-04    3.774383907112038557e-04    1.642546379079467189e-03    2.090781760718834169e-03    3.629302609452885126e-04
3.000000000000000000e+01    9.895354334864229300e-06    1.731080910990261465e-05    7.866211779037135597e-05    1.720333947381813620e-04    3.571494474636124059e-04    1.551234980347184584e-03    1.979587281289578969e-03    3.436091454271209575e-04
3.100000000000000000e+01    9.531901891129891164e-06    1.665963552854020865e-05    7.532675312064446456e-05    1.638339543697144159e-04    3.385277101158915784e-04    1.468186489289879460e-03    1.876172396349590904e-03    3.258903667105697999e-04
3.200000000000000000e+01    9.183182470188044444e-06    1.603943512681082383e-05    7.227130579857167232e-05    1.563961209406235892e-04    3.210637843209264148e-04    1.392494225827787873e-03    1.780140494433779660e-03    3.095948193215652413e-04
3.300000000000000000e+01    8.865828238576621955e-06    1.547499414623067736e-05    6.938885423463962893e-05    1.494122823411700820e-04    3.052892956252817791e-04    1.320983679720816491e-03    1.694831522366079587e-03    2.945683305979245135e-04
3.400000000000000000e+01    8.564221483122406631e-06    1.494532443936089714e-05    6.671098517569830724e-05    1.430300577079319298e-04    2.906078414995627579e-04    1.257576499509901156e-03    1.615354756189405633e-03    2.806775430471417153e-04
3.500000000000000000e+01    8.284856733801920542e-06    1.445101245664647553e-05    6.420665127628072324e-05    1.370616543479189289e-04    2.772375867209505261e-04    1.197826245963430538e-03    1.539952827570609728e-03    2.678065776603189832e-04
3.600000000000000000e+01    8.022102858383733684e-06    1.398618804303167136e-05    6.183535118761277003e-05    1.313884557392169773e-04    2.646866549018328301e-04    1.141690110616254330e-03    1.472095499761391212e-03    2.558543119713953522e-04
3.700000000000000000e+01    7.769812874485929706e-06    1.355043558724621842e-05    5.961982822785712584e-05    1.260465171699301642e-04    2.527737331655163355e-04    1.090163495724648943e-03    1.407480581153751874e-03    2.447321456688973012e-04
3.800000000000000000e+01    7.539789351332962108e-06    1.313875482487201186e-05    5.754656638608016106e-05    1.211266918649838342e-04    2.419489579958270030e-04    1.040961557984537017e-03    1.347660802172776862e-03    2.343621556154931241e-04
3.900000000000000000e+01    7.322555985887571831e-06    1.274812531402439804e-05    5.558932477680559350e-05    1.164157109406671928e-04    2.314470690700113969e-04    9.964801798159549865e-04    1.292154109110649771e-03    2.246755639534910292e-04
4.000000000000000000e+01    7.117079366547333120e-06    1.237874050442385627e-05    5.372338473302164599e-05    1.120153553928243857e-04    2.217034550528702104e-04    9.540052058370554738e-04    1.239172629773404623e-03    2.156114595082845242e-04
4.100000000000000000e+01    6.922434305756520093e-06    1.202892611241727469e-05    5.197822093510981619e-05    1.078461691268295223e-04    2.129302839975832722e-04    9.142466583240915984e-04    1.190277379451424276e-03    2.071157253290643733e-04
4.200000000000000000e+01    6.737790049792118852e-06    1.169717886078256905e-05    5.032683256276759397e-05    1.038634034012634618e-04    2.044508660450041122e-04    8.761454601549046803e-04    1.143276155624831959e-03    1.991401349235250105e-04
4.300000000000000000e+01    6.562275433125745402e-06    1.138214521897653175e-05    4.878191418682668217e-05    1.001667629231780995e-04    1.965325626827145716e-04    8.418188686467574251e-04    1.100143950539894666e-03    1.916415872739002629e-04
4.400000000000000000e+01    6.394455972752652611e-06    1.107776553006668961e-05    4.732953902319406072e-05    9.676244333969028291e-05    1.889176692254755261e-04    8.087829757001446709e-04    1.060488753358225901e-03    1.845814565980009045e-04
4.500000000000000000e+01    6.234755345332626570e-06    1.079217556283168710e-05    4.591599060568916230e-05    9.346745314121291206e-05    1.818244976032898710e-04    7.782697966477082488e-04    1.021412091274994695e-03    1.779250374333309862e-04
4.600000000000000000e+01    6.082515403619578205e-06    1.051928763796434549e-05    4.457913247574889822e-05    9.027176050057629465e-05    1.751114688761323487e-04    7.493959583061008452e-04    9.862045918335256203e-04    1.716410692677314352e-04
4.700000000000000000e+01    5.937228146086803849e-06    1.026216696260145691e-05    4.330804917806474350e-05    8.725695559225802548e-05    1.690364432684285942e-04    7.224902988377257269e-04    9.522991466627167860e-04    1.657013278373385798e-04
4.800000000000000000e+01    5.796281394815004031e-06    1.001499572910334978e-05    4.207536011004409218e-05    8.437681011542666606e-05    1.630702162594367590e-04    6.979618203800758104e-04    9.190771884038855064e-04    1.600802725268085462e-04
4.900000000000000000e+01    5.656586930269344617e-06    9.774386546449464555e-06    4.087958720872203553e-05    8.163147480011533985e-05    1.575422190525824326e-04    6.737205817158885062e-04    8.884486689894003503e-04    1.547547411663324659e-04
5.000000000000000000e+01    5.518850874566647357e-06    9.548007983935192719e-06    3.979850380693920181e-05    7.906144453109614485e-05    1.522844428440973106e-04    6.505320574298136156e-04    8.597947071332020250e-04    1.497036850202676961e-04
5.100000000000000000e+01    5.398397787512039436e-06    9.318138279331791523e-06    3.874823568548095380e-05    7.655386541030913944e-05    1.473207214477924494e-04    6.283745109881430863e-04    8.326670370929242608e-04    1.449079379797493187e-04
5.200000000000000000e+01    5.281644799006906656e-06    9.111209151231703277e-06    3.773630102460237275e-05    7.416988607554594480e-05    1.425113203150730546e-04    6.074257522665170699e-04    8.071833202566516558e-04    1.403500149631594241e-04
5.300000000000000000e+01    5.170094734259356845e-06    8.887689252762078109e-06    3.676345848142967450e-05    7.181277238873300605e-05    1.379923685121810326e-04    5.870936888413450872e-04    7.824873490783918481e-04    1.360139353399983115e-04
5.400000000000000000e+01    5.059403676977635682e-06    8.697552099153473419e-06    3.583785395084269909e-05    6.958448125047602371e-05    1.337251012505616572e-04    5.683022690114071388e-04    7.584916982777889158e-04    1.318850678606596255e-04
5.500000000000000000e+01    4.956324416652647289e-06    8.502390341636557663e-06    3.493413809053927594e-05    6.752377167824181146e-05    1.297108525456309373e-04    5.514948131792393607e-04    7.369290159250041451e-04    1.279499941248507489e-04
5.600000000000000000e+01    4.856932229694733831e-06    8.328515999149621680e-06    3.406041501967939876e-05    6.558487113641133935e-05    1.258116481242300445e-04    5.344445664771339940e-04    7.158322530712846448e-04    1.241963880771637760e-04
5.700000000000000000e+01    4.760790512826727563e-06    8.156424152296347079e-06    3.324516998415041712e-05    6.367270123678693604e-05    1.219304973071944277e-04    5.187787443824804726e-04    6.949963400122967719e-04    1.206129093972126750e-04
5.800000000000000000e+01    4.659492457504192214e-06    7.994775488919973611e-06    3.246732221776026502e-05    6.182406500883227084e-05    1.183883357772615239e-04    5.035549148707190283e-04    6.757557265332417686e-04    1.171891089677808221e-04
5.900000000000000000e+01    4.546055056287898026e-06    7.832521252462644720e-06    3.170473972951174882e-05    6.009846769750155600e-05    1.149923541345544578e-04    4.877554688963734787e-04    6.571514774214505961e-04    1.139153448691239363e-04
6.000000000000000000e+01    4.457256436844743867e-06    7.673837649853923348e-06    3.096174264417993400e-05    5.843768475182384948e-05    1.116826633236781767e-04    4.735242505227757167e-04    6.386118089361991421e-04    1.107827075697292459e-04
6.100000000000000000e+01    4.375515392621979478e-06    7.523655338108092464e-06    3.027757637375147595e-05    5.682290898617142039e-05    1.085907856406554393e-04    4.601033348470029991e-04    6.207768647541325258e-04    1.077829531710801565e-04
6.200000000000000000e+01    4.289684408860114488e-06    7.380384687975071008e-06    2.959236189241656406e-05    5.529093440796377216e-05    1.055303888431018697e-04    4.464331402937304493e-04    6.049990479902475713e-04    1.049084437223649416e-04
6.300000000000000000e+01    4.213496703206025499e-06    7.246075952968378012e-06    2.895076312393943241e-05    5.379441823804685001e-05    1.026340198159616092e-04    4.342750359477507696e-04    5.888783175795413681e-04    1.021520937549249869e-04
6.400000000000000000e+01    4.139826189401308725e-06    7.102231347489407007e-06    2.834008805056181281e-05    5.236570641502679335e-05    9.986686258170525041e-05    4.227287100639149828e-04    5.733204767729924980e-04    9.950732230058122402e-05
6.500000000000000000e+01    4.068550953253000862e-06    6.964521770889224471e-06    2.771845851672869620e-05    5.105130853912627823e-05    9.728867128923274546e-05    4.126010245592760697e-04    5.583925871318222217e-04    9.696800975494264624e-05
6.600000000000000000e+01    3.985328777004397242e-06    6.844010489711874724e-06    2.713975749904359240e-05    4.978104544430993954e-05    9.469516261360797730e-05    4.021358355723441964e-04    5.445751336252068701e-04    9.452845902990502931e-05
6.700000000000000000e+01    3.918665132462552410e-06    6.724971585267433433e-06    2.657604046033965257e-05    4.852990470645697605e-05    9.228847407850705015e-05    3.925998248763073279e-04    5.309090118222583232e-04    9.218336051077073983e-05
6.800000000000000000e+01    3.853542159387043842e-06    6.606423903084371221e-06    2.603621840375125365e-05    4.735066536160949664e-05    8.988243483438047550e-05    3.826776560014543793e-04    5.168966226578055028e-04    8.992776039454868585e-05
6.900000000000000000e+01    3.790980289903204115e-06    6.487458013549849939e-06    2.548249497319879847e-05    4.616990719455360754e-05    8.761730676957560121e-05    3.732133856005986580e-04    5.045432399742649440e-04    8.775703203854531278e-05
7.000000000000000000e+01    3.728293372023479374e-06    6.379452840362411197e-06    2.497722621806662289e-05    4.506730854804786386e-05    8.546884861410033887e-05    3.634044956944368918e-04    4.922755992400275251e-04    8.566684999389395758e-05
7.100000000000000000e+01    3.650569743961866341e-06    6.275291947664022572e-06    2.447951950684140889e-05    4.397678553240561624e-05    8.343937139252636387e-05    3.542488938978435907e-04    4.813533166167779454e-04    8.365316643791528253e-05
7.200000000000000000e+01    3.593859305499270960e-06    6.174280279703954308e-06    2.398624433962943866e-05    4.292442405248842694e-05    8.145679907408832497e-05    3.452326463420601183e-04    4.704760657921921692e-04    8.171218975323617446e-05
7.300000000000000000e+01    3.538784375958691447e-06    6.075765644751179116e-06    2.351207450593709617e-05    4.192700180000215738e-05    7.954879751616743603e-05    3.378570048506762311e-04    4.593486951736614680e-04    7.984036503130357274e-05
7.400000000000000000e+01    3.485275723184332615e-06    5.973207220331638998e-06    2.306069885965353030e-05    4.094252642886431529e-05    7.776711147700540445e-05    3.297666550904445096e-04    4.497341642001338236e-04    7.803435630353592950e-05
7.500000000000000000e+01    3.426626431206844807e-06    5.869732047372157259e-06    2.262227789336649546e-05    3.999336948235415111e-05    7.595860356662817513e-05    3.226864296101246356e-04    4.398751016290154236e-04    7.629103032594252744e-05
7.600000000000000000e+01    3.369584182530277252e-06    5.770534227331753819e-06    2.219719186696422905e-05    3.911153694127396678e-05    7.418936236359975590e-05    3.153113318320510715e-04    4.307534290729619214e-04    7.460744176265289259e-05
7.700000000000000000e+01    3.320693123172954352e-06    5.674453402047678425e-06    2.178002555818189144e-05    3.827321589860683095e-05    7.252961929766048592e-05    3.080563268705553280e-04    4.212901737565211613e-04    7.298081963101191508e-05
7.800000000000000000e+01    3.273119835125931042e-06    5.587480023524971042e-06    2.137496996520837488e-05    3.741569290030148019e-05    7.091016954071364562e-05    3.011815361622020132e-04    4.128495651317430691e-04    7.140855488589610653e-05
7.900000000000000000e+01    3.219888733864587677e-06    5.501675185849003429e-06    2.097562099523781848e-05    3.661804957081839809e-05    6.941669663009395678e-05    2.942035920609131425e-04    4.044205422100542063e-04    6.988818903430798807e-05
8.000000000000000000e+01    3.172675901379362193e-06    5.415386965759720688e-06    2.061487535641923615e-05    3.582365621571905118e-05    6.783653310516807528e-05    2.881762553186799488e-04    3.961824066151327546e-04    6.841740368284293704e-05
8.100000000000000000e+01    3.128483224742167213e-06    5.325561515413345024e-06    2.025665573694384025e-05    3.505924589124550681e-05    6.633737395263549820e-05    2.821772384136206520e-04    3.883950321022093294e-04    6.699401093101901850e-05
8.200000000000000000e+01    3.085901944560996514e-06    5.225290988375690979e-06    1.989517022847675981e-05    3.431540380839817025e-05    6.488944730581404688e-05    2.759855198311233723e-04    3.803291768832233431e-04    6.561594453251386259e-05
8.300000000000000000e+01    3.043495801615849357e-06    5.150068056367852215e-06    1.953840064295247710e-05    3.358531687824557830e-05    6.357868527860075826e-05    2.703503829222684771e-04    3.726733783939713903e-04    6.428125175428655625e-05
8.400000000000000000e+01    3.000541565439020366e-06    5.076542746647631508e-06    1.918825878715292105e-05    3.288493017243813689e-05    6.225876835822766880e-05    2.649807390668405512e-04    3.653233053053197340e-04    6.298808587096341681e-05
8.500000000000000000e+01    2.956309296684939873e-06    5.007352825825892685e-06    1.887177225498682200e-05    3.222443484696441450e-05    6.092945636543547149e-05    2.594486859935785246e-04    3.583404460125418555e-04    6.173469923786135375e-05
8.600000000000000000e+01    2.911917183025752968e-06    4.934974353739082628e-06    1.855191072317129402e-05    3.157165283505440720e-05    5.964110184872769416e-05    2.541734712216462918e-04    3.510383286426941359e-04    6.051943689191058285e-05
8.700000000000000000e+01    2.872319779908876384e-06    4.860931698562851610e-06    1.822415985260851989e-05    3.095385137532263116e-05    5.848970999218924908e-05    2.491479062230237242e-04    3.441692721689361694e-04    5.934073063457004810e-05
8.800000000000000000e+01    2.832053612966137034e-06    4.786377923208090682e-06    1.791717261927342652e-05    3.034110244807522024e-05    5.734163661137260464e-05    2.439783595472320489e-04    3.374277479032435209e-04    5.819709355538325374e-05
8.900000000000000000e+01    2.794263260777750948e-06    4.719833540084726392e-06    1.762073083430540065e-05    2.975373905569798580e-05    5.622304911771124129e-05    2.388283867968623729e-04    3.307670658354823967e-04    5.708711495876351422e-05
9.000000000000000000e+01    2.755347772985955434e-06    4.647557875780637378e-06    1.732420138849131768e-05    2.917795341594169744e-05    5.519263590989414200e-05    2.339508546556020078e-04    3.246059910794424721e-04    5.600945566014574236e-05
9.100000000000000000e+01    2.702724893738844776e-06    4.584989568567215188e-06    1.703662831643741658e-05    2.862268399994568398e-05    5.413765684212019143e-05    2.291454309092295113e-04    3.188121919514869010e-04    5.496284362086154967e-05
9.200000000000000000e+01    2.667149056359561589e-06    4.517260861214028436e-06    1.676200922791578439e-05    2.807150845053952063e-05    5.307751770361918446e-05    2.248390765903411181e-04    3.131734458724250592e-04    5.394606989394110021e-05
9.300000000000000000e+01    2.628177505350812375e-06    4.446711245492781907e-06    1.648888457466981497e-05    2.754508218076594741e-05    5.210114315715040140e-05    2.204949413004329514e-04    3.072586706251526100e-04    5.295798485553004947e-05
9.400000000000000000e+01    2.592476214749506065e-06    4.390151855605205325e-06    1.621495595967844606e-05    2.702997799793427659e-05    5.115900303700249621e-05    2.159756670395614761e-04    3.017369672814468199e-04    5.199749469902516973e-05
9.500000000000000000e+01    2.556563061758903779e-06    4.334915241647759457e-06    1.595220644533451354e-05    2.653459583557404974e-05    5.020450222800688575e-05    2.121479698726139564e-04    2.965161381496645918e-04    5.106355817101576426e-05
9.600000000000000000e+01    2.521914578712511931e-06    4.279016000157950091e-06    1.570651276677285767e-05    2.606015944769053591e-05    4.928978463257411175e-05    2.084064123477254464e-04    2.914481630176966507e-04    5.015518353002059121e-05
9.700000000000000000e+01    2.484024279720339624e-06    4.220387258006432806e-06    1.544965943681339673e-05    2.558779318566953740e-05    4.842001639961940177e-05    2.044594833174673623e-04    2.864985857276830376e-04    4.927142571065337077e-05
9.800000000000000000e+01    2.442226202980299671e-06    4.166446361539236815e-06    1.520101732699113547e-05    2.512601903856267753e-05    4.755228213009831740e-05    2.007486177803479517e-04    2.815311717787641853e-04    4.841138367740877420e-05
9.900000000000000000e+01    2.412640444745725430e-06    4.113795848411179099e-06    1.496302155221405621e-05    2.465567320547575744e-05    4.671248428469781597e-05    1.971528984668386873e-04    2.767445876293388976e-04    4.757419795357309807e-05
