# ComponentSize     2.5     5     25     50     75     95     97.5    mean
1.000000000000000000e+00    0.000000000000000000e+00    0.000000000000000000e+00    0.000000000000000000e+00    0.000000000000000000e+00    0.000000000000000000e+00    3.250249707986181957e-01    3.639841532417780190e-01    4.725469481910204300e-02
2.000000000000000000e+00    1.976242804489347360e-01    2.725696155125454379e-01    8.132613160983068745e-01    9.341464120221276701e-01    9.731404557775913400e-01    9.932026627966901167e-01    9.960130008090154474e-01    8.404474065436982055e-01
3.000000000000000000e+00    6.135883242154010347e-04    1.122847618167568517e-03    5.928233525698297160e-03    1.618175111447069797e-02    4.446242554751154985e-02    1.039683181674417312e-01    1.133740202265421243e-01    3.125074872699880324e-02
4.000000000000000000e+00    2.720981427525583324e-04    4.972412360597143564e-04    2.604446788023027752e-03    7.039209499775202390e-03    1.927399821656034656e-02    5.524960185293721626e-02    5.891020015830372020e-02    1.488599418547132194e-02
5.000000000000000000e+00    1.696462419842483080e-04    3.095151074200765302e-04    1.605622740365300876e-03    4.277284436458425945e-03    1.153320045108387031e-02    3.658148437945449999e-02    3.881695415520462766e-02    9.242059574523980858e-03
6.000000000000000000e+00    1.218471263251708921e-04    2.219466980366911312e-04    1.139611917797451763e-03    2.994597278709027095e-03    7.922005091436527813e-03    2.670555496731197645e-02    2.832341795201471016e-02    6.473939349592671387e-03
7.000000000000000000e+00    9.454197134095809448e-05    1.716837275930434075e-04    8.733960560159132868e-04    2.267010760625582776e-03    5.900760349266455720e-03    2.054386771757591920e-02    2.187078648618688559e-02    4.865493086005674185e-03
8.000000000000000000e+00    7.699468595970624795e-05    1.395508386046648264e-04    7.028588820997882852e-04    1.801406723026536399e-03    4.608546689653663861e-03    1.625083990405604140e-02    1.753759584378750819e-02    3.830442737724168521e-03
9.000000000000000000e+00    6.481344073825472097e-05    1.172968989115648770e-04    5.852026540219069971e-04    1.481735626603543441e-03    3.728423520451825974e-03    1.326209367514078613e-02    1.447764347593106550e-02    3.116929261252354439e-03
1.000000000000000000e+01    5.588382318766527715e-05    1.009894841401497010e-04    4.993365813635306308e-04    1.250168981067251162e-03    3.103445458496494926e-03    1.107326101857687359e-02    1.209617129350888491e-02    2.599981562508661519e-03
1.100000000000000000e+01    4.906741343550057976e-05    8.854609825405880845e-05    4.344435778013400998e-04    1.074413170319204677e-03    2.631907401616939528e-03    9.399710668477952169e-03    1.034511704721230788e-02    2.211047304602618575e-03
1.200000000000000000e+01    4.358073924429400664e-05    7.867070199611044261e-05    3.827363788374483393e-04    9.384467628830810409e-04    2.264753448028955941e-03    8.097049317912457037e-03    8.960166635306033786e-03    1.909622485589662372e-03
1.300000000000000000e+01    3.919730159277049652e-05    7.069673771309716839e-05    3.414967282616924852e-04    8.283188579863924161e-04    1.978674119510502767e-03    7.048973521373865132e-03    7.865071919588188104e-03    1.670360627892556165e-03
1.400000000000000000e+01    3.562312593814908392e-05    6.418792751377087977e-05    3.074480983428640592e-04    7.388415732938653519e-04    1.746421142311236317e-03    6.208202414893577298e-03    6.988411620373257034e-03    1.476656595122043027e-03
1.500000000000000000e+01    3.264935664805121901e-05    5.873631687671848996e-05    2.793278729668913240e-04    6.651432479147091452e-04    1.558241523979343561e-03    5.517999859285833454e-03    6.254097563688415518e-03    1.317216495657683476e-03
1.600000000000000000e+01    3.012269819057565378e-05    5.410621844377894814e-05    2.552813479440901498e-04    6.031098354184109920e-04    1.397237936490290005e-03    4.954556884068051989e-03    5.644933532317984379e-03    1.184115040032583275e-03
1.700000000000000000e+01    2.794993724348774481e-05    5.013039308017428868e-05    2.344891764426194913e-04    5.502460576549464671e-04    1.260454791538180748e-03    4.466133525367605925e-03    5.131485977587644381e-03    1.071641622123605799e-03
1.800000000000000000e+01    2.606199427158141163e-05    4.668638227458564346e-05    2.169725056412164605e-04    5.038351144769793316e-04    1.144455038448278367e-03    4.059049301269920806e-03    4.687504698546758088e-03    9.755868700754589127e-04
1.900000000000000000e+01    2.440660884376014031e-05    4.366673076344792094e-05    2.017716885683911376e-04    4.644780863905243395e-04    1.045251501617066540e-03    3.709971331753086649e-03    4.298432909940088156e-03    8.927861819020402106e-04
2.000000000000000000e+01    2.294352765866597792e-05    4.099826281787988198e-05    1.879178192724006904e-04    4.293504767236241190e-04    9.601893515785229864e-04    3.402173756778569154e-03    3.966297253338644906e-03    8.208189178829434400e-04
2.100000000000000000e+01    2.164125186642166856e-05    3.862388658080642922e-05    1.758354545007379888e-04    3.983908331859718072e-04    8.847242936321002239e-04    3.137848419299452737e-03    3.657394549931188271e-03    7.578049861313626004e-04
2.200000000000000000e+01    2.047478536539771944e-05    3.649785082452170994e-05    1.649277637970516901e-04    3.707186995126905802e-04    8.178230883233143398e-04    2.905109859206979773e-03    3.393149501685452981e-03    7.022641231794200843e-04
2.300000000000000000e+01    1.942404279617866180e-05    3.458339587213328932e-05    1.550497280489025363e-04    3.465002418630645353e-04    7.592184124959617392e-04    2.702129682648566743e-03    3.162915488193955831e-03    6.530165593221248267e-04
2.400000000000000000e+01    1.847270258391417208e-05    3.285065309285149267e-05    1.461915037840738618e-04    3.250314199853606562e-04    7.078221334836940284e-04    2.521359381318416006e-03    2.956773317783812065e-03    6.091116191775389557e-04
2.500000000000000000e+01    1.760736655243706728e-05    3.127510591780602127e-05    1.381631606797731554e-04    3.049509407802078725e-04    6.600969513169074009e-04    2.347084219173316364e-03    2.769733566729975366e-03    5.697755602202178842e-04
2.600000000000000000e+01    1.681693471992918342e-05    2.983644496953811101e-05    1.309912890307248163e-04    2.869511524032711258e-04    6.173502571006697637e-04    2.198223310232908390e-03    2.601559770578569519e-03    5.343729010974390421e-04
2.700000000000000000e+01    1.605356371333203935e-05    2.851770453903380105e-05    1.243768551357326950e-04    2.707317341950497749e-04    5.791836337421690274e-04    2.065014655346932970e-03    2.453651554194778445e-03    5.023773650420038182e-04
2.800000000000000000e+01    1.533739365969279066e-05    2.730460302799540891e-05    1.183022823662532429e-04    2.555376882648219424e-04    5.441236312206322763e-04    1.942151413614648207e-03    2.309522319275010994e-03    4.733497794488939620e-04
2.900000000000000000e+01    1.472576083714712520e-05    2.618503335109295888e-05    1.127367608284107975e-04    2.422731418661850213e-04    5.124077096275419380e-04    1.834072684944495829e-03    2.184222866632340530e-03    4.469210769793503291e-04
3.000000000000000000e+01    1.415935858692008851e-05    2.514866502170986056e-05    1.077246881028765451e-04    2.295513026848251868e-04    4.829332729445035390e-04    1.735519571362987125e-03    2.068641924149921055e-03    4.227790851056702584e-04
3.100000000000000000e+01    1.363337350127071353e-05    2.410320951747682322e-05    1.030355098843573568e-04    2.182375939154527112e-04    4.560017248741571588e-04    1.641481064818561732e-03    1.962620136005828984e-03    4.006581615842752281e-04
3.200000000000000000e+01    1.314365027803568750e-05    2.319625942800523122e-05    9.861249799785935062e-05    2.075781309627736766e-04    4.313372303656475178e-04    1.556910357793181042e-03    1.863387402455640631e-03    3.803309907208831113e-04
3.300000000000000000e+01    1.264037147681709669e-05    2.236578457318102710e-05    9.446022975797723810e-05    1.979101789894694666e-04    4.084337486520937528e-04    1.479779949119926176e-03    1.773744867858012293e-03    3.616020365172902614e-04
3.400000000000000000e+01    1.221045210018750908e-05    2.152233043670948712e-05    9.075031099570421574e-05    1.885085371126425213e-04    3.873162513075092159e-04    1.407712466139396596e-03    1.691681351364425620e-03    3.443022780283132604e-04
3.500000000000000000e+01    1.168789280347761878e-05    2.079759282275786425e-05    8.709335879929545150e-05    1.799191579992819620e-04    3.687470876567762045e-04    1.341388646162793626e-03    1.615102013537536097e-03    3.282849455172405962e-04
3.600000000000000000e+01    1.131468701415297666e-05    2.011717958765529436e-05    8.368222138654368941e-05    1.721515268789894923e-04    3.516245139488730228e-04    1.280329134999669402e-03    1.541945031432019175e-03    3.134220440389907654e-04
3.700000000000000000e+01    1.091875069759456605e-05    1.947718518798184184e-05    8.045491777104290523e-05    1.646064454331900369e-04    3.342335369192373927e-04    1.222191931595891217e-03    1.474676494985653879e-03    2.996015012350340895e-04
3.800000000000000000e+01    1.058891365542542446e-05    1.887414832425843972e-05    7.760216341660066569e-05    1.576678577833459877e-04    3.193185275115961123e-04    1.169091329078100630e-03    1.413166766462764339e-03    2.867248134508120004e-04
3.900000000000000000e+01    1.027746581501155993e-05    1.822560377831180086e-05    7.492352272473959277e-05    1.512346121843926791e-04    3.043280945328523347e-04    1.120579897614633032e-03    1.354670912273373473e-03    2.747050923186543283e-04
4.000000000000000000e+01    9.982920233648004535e-06    1.768838818466004898e-05    7.233035318709351083e-05    1.451844357430286526e-04    2.922201200711403040e-04    1.075226224839615548e-03    1.300449966724459127e-03    2.634654351803359935e-04
4.100000000000000000e+01    9.703945742553464539e-06    1.717976669161531164e-05    6.990326199050028299e-05    1.394407332689188712e-04    2.795528640229100453e-04    1.033000434903298551e-03    1.249210732385821858e-03    2.529375589319115582e-04
4.200000000000000000e+01    9.439347093836415422e-06    1.669753942392537775e-05    6.763567439949951421e-05    1.343389129053775000e-04    2.681902317396688148e-04    9.948480887600362130e-04    1.199666219059045483e-03    2.430606493425123708e-04
4.300000000000000000e+01    9.084258788195445655e-06    1.615197474696414561e-05    6.549849360352602904e-05    1.292961573669506778e-04    2.573128363012246070e-04    9.577931866377724802e-04    1.155439023793666765e-03    2.337803875579710412e-04
4.400000000000000000e+01    8.848753573023427157e-06    1.571749722914691011e-05    6.342690612692766751e-05    1.244412893584756941e-04    2.479299480785550932e-04    9.212787117937002454e-04    1.113858734132234726e-03    2.250481230349490544e-04
4.500000000000000000e+01    8.624527631655639221e-06    1.528319413428635024e-05    6.145765181879435152e-05    1.200456985617491025e-04    2.383379482459993591e-04    8.870055500977415104e-04    1.074336702287323302e-03    2.168201680653608372e-04
4.600000000000000000e+01    8.410794905879625559e-06    1.489291727579147547e-05    5.947892443338565057e-05    1.157152377532062412e-04    2.291494708465144445e-04    8.558763930452277556e-04    1.035873385746650640e-03    2.090571937218343242e-04
4.700000000000000000e+01    8.177469101560857456e-06    1.452047393423232825e-05    5.773093099805331292e-05    1.116052141837821192e-04    2.203872299912135494e-04    8.268578839658592390e-04    9.995588782188663361e-04    2.017237107654238455e-04
4.800000000000000000e+01    7.984414817690032866e-06    1.416472176927375657e-05    5.607037125266930988e-05    1.076645181520962665e-04    2.129976009218787251e-04    7.988938470287504801e-04    9.660459915191734175e-04    1.947876220198268985e-04
4.900000000000000000e+01    7.799811392627016226e-06    1.382467661462159856e-05    5.450240952128879531e-05    1.040323170261098955e-04    2.054372711501119308e-04    7.729756298566794722e-04    9.356903661787871430e-04    1.882198350962682547e-04
5.000000000000000000e+01    7.554789660297155508e-06    1.347704760707321276e-05    5.289175520509005219e-05    1.004850583747276703e-04    1.982814764592127357e-04    7.462406526080302355e-04    9.050697550978054539e-04    1.819939262724578819e-04
5.100000000000000000e+01    7.387096466290555659e-06    1.316419615481420483e-05    5.141082738495989944e-05    9.727027105119618591e-05    1.912580850521440157e-04    7.223528848146616417e-04    8.757487774903115847e-04    1.760858478863573217e-04
5.200000000000000000e+01    7.226300589471707647e-06    1.286574464898256635e-05    5.001642479984951570e-05    9.405720348998428690e-05    1.853064962869546109e-04    6.991624110908417318e-04    8.484535683979049043e-04    1.704736728728203205e-04
5.300000000000000000e+01    7.071988078886813388e-06    1.257944232098826679e-05    4.859645846538495961e-05    9.099364756401137990e-05    1.795452910045963182e-04    6.778086486999692966e-04    8.229059210418881260e-04    1.651373711086542655e-04
5.400000000000000000e+01    6.923777387838396515e-06    1.228930022738249921e-05    4.732037991768265521e-05    8.831008359492086165e-05    1.737264471430822414e-04    6.577018354138736145e-04    7.985637287528367942e-04    1.600586130834607938e-04
5.500000000000000000e+01    6.747217238798160439e-06    1.202773852758521395e-05    4.611843827409329492e-05    8.559082170839807336e-05    1.681757277013366434e-04    6.372172460161892264e-04    7.752458984645033526e-04    1.552205971164996590e-04
5.600000000000000000e+01    6.594927739112165894e-06    1.176988827903030949e-05    4.491109964080906272e-05    8.300480810170926711e-05    1.626683260273190557e-04    6.188638367030720481e-04    7.534541940876494622e-04    1.506078969214331238e-04
5.700000000000000000e+01    6.464668349845701813e-06    1.152461291064420602e-05    4.382114302599192146e-05    8.060806147605709886e-05    1.576600913873053345e-04    6.019367206236900247e-04    7.333276817113099956e-04    1.462063268044645824e-04
5.800000000000000000e+01    6.339188676361827292e-06    1.129323272560293897e-05    4.273561278124903202e-05    7.836392282866161288e-05    1.527081897550521818e-04    5.845575822601598807e-04    7.138356498634724004e-04    1.420028221844697714e-04
5.900000000000000000e+01    6.211486136954305702e-06    1.107027299410249839e-05    4.172277019153016608e-05    7.610926161794715383e-05    1.483916983920224592e-04    5.670331442325986194e-04    6.934980414053189181e-04    1.379853334612477108e-04
6.000000000000000000e+01    6.086648404285829705e-06    1.085370632202567930e-05    4.063586114163310586e-05    7.372411816769364862e-05    1.439178707431982998e-04    5.510236610251792412e-04    6.748278653775365791e-04    1.341427315412617753e-04
6.100000000000000000e+01    5.974056252087160772e-06    1.062956543380027347e-05    3.967581018613543378e-05    7.158344587801942452e-05    1.395772358283888491e-04    5.352895197404452252e-04    6.575915645824229267e-04    1.304647235688000128e-04
6.200000000000000000e+01    5.865320226324955594e-06    1.042553940890045466e-05    3.871253038086591968e-05    6.960837457806778373e-05    1.359566948764209273e-04    5.203810531776878294e-04    6.405547897574075762e-04    1.269417776122345489e-04
6.300000000000000000e+01    5.706110011897992448e-06    1.022689578195935303e-05    3.772282041214780623e-05    6.770931215410041799e-05    1.322743064454584604e-04    5.067812260146599889e-04    6.246437368520651795e-04    1.235650552256078733e-04
6.400000000000000000e+01    5.540561403464848939e-06    1.003492134441988162e-05    3.687858875127357212e-05    6.588984500135709960e-05    1.288617737024136314e-04    4.933812573482343955e-04    6.095190343251320276e-04    1.203263509511888317e-04
6.500000000000000000e+01    5.443122418865994027e-06    9.849295781771910151e-06    3.595355609053828153e-05    6.416520740941723008e-05    1.255139519427180147e-04    4.807941212266674761e-04    5.950306417211983969e-04    1.172180379521495355e-04
6.600000000000000000e+01    5.348814546114058462e-06    9.669714684756598039e-06    3.519293195516865418e-05    6.255855758660096170e-05    1.224598499774937716e-04    4.689763939121754108e-04    5.796747916601837714e-04    1.142330190701804006e-04
6.700000000000000000e+01    5.237066663274283769e-06    9.494732183773250744e-06    3.442644981695368951e-05    6.093538091847770777e-05    1.191999043653297838e-04    4.570879916829803723e-04    5.659359280154933848e-04    1.113646826934385642e-04
6.800000000000000000e+01    5.096752045802885228e-06    9.320139935170215981e-06    3.366035417827996563e-05    5.934898213520026287e-05    1.159427232425098357e-04    4.447108461568843223e-04    5.518550247993013599e-04    1.086068628979363016e-04
6.900000000000000000e+01    5.009015743305939684e-06    9.104239983849869548e-06    3.293911193875036718e-05    5.796965329750215529e-05    1.132472929838197767e-04    4.337362244110012791e-04    5.394422086087090860e-04    1.059538033922748323e-04
7.000000000000000000e+01    4.923968160322497109e-06    8.949863257408841285e-06    3.218241059442767760e-05    5.650585457869521826e-05    1.103971955881993572e-04    4.233238190921410362e-04    5.268890057480432121e-04    1.034001248534729305e-04
7.100000000000000000e+01    4.841941792777395987e-06    8.700260596420027702e-06    3.149193232806579788e-05    5.512290074279808282e-05    1.076198855810409137e-04    4.134021971114927607e-04    5.152321955696651879e-04    1.009407952914704887e-04
7.200000000000000000e+01    4.762829867349513303e-06    8.440564061093199980e-06    3.080919172779637518e-05    5.381456015444397806e-05    1.051447211623052691e-04    4.036789473806546994e-04    5.043206771164666794e-04    9.857110312314426256e-05
7.300000000000000000e+01    4.686032753590499088e-06    8.292098902952503185e-06    3.015398603269862069e-05    5.256180789530938809e-05    1.027155069135264490e-04    3.945425123533539752e-04    4.927698657176003607e-04    9.628663267432175179e-05
7.400000000000000000e+01    4.611451938920972736e-06    8.158624522514578366e-06    2.952340070228149393e-05    5.134622610407700929e-05    1.003428531427953240e-04    3.854728808545839196e-04    4.810755831723599282e-04    9.408324186081298021e-05
7.500000000000000000e+01    4.539046896932796668e-06    8.017936433976608924e-06    2.892400244664869441e-05    5.014281355981043705e-05    9.784053655281969657e-05    3.771825227015659985e-04    4.704158417015613831e-04    9.195704182814229595e-05
7.600000000000000000e+01    4.468904571757963475e-06    7.860929888664263128e-06    2.832809181886664139e-05    4.902369781535026401e-05    9.546441296416009379e-05    3.693529912824521566e-04    4.599865423614065015e-04    8.990437835448695353e-05
7.700000000000000000e+01    4.361202798298236113e-06    7.681561662176613481e-06    2.772753100019558316e-05    4.789965472520709767e-05    9.317324441923758639e-05    3.612449973843390584e-04    4.502153754107752863e-04    8.792181484318983072e-05
7.800000000000000000e+01    4.297945353143173608e-06    7.534444174305577050e-06    2.710743793206794880e-05    4.675455170228686878e-05    9.128298646300048928e-05    3.529031535169404850e-04    4.404385841862943642e-04    8.600611675022744925e-05
7.900000000000000000e+01    4.236375928934576906e-06    7.421081617920176465e-06    2.650123270529989032e-05    4.573153869553745030e-05    8.926742775130801818e-05    3.455125140464484416e-04    4.310334300888127540e-04    8.415423730895436893e-05
8.000000000000000000e+01    4.143623392281688177e-06    7.310748150527805407e-06    2.597416864740859825e-05    4.471633321645052258e-05    8.727066086682515452e-05    3.385455781086717112e-04    4.223320005856323806e-04    8.236330442912831993e-05
8.100000000000000000e+01    4.079458670861538250e-06    7.193844690499258756e-06    2.546262610790444558e-05    4.374280279802230244e-05    8.537617430397074266e-05    3.313960448327694648e-04    4.139076843312302799e-04    8.063060866029725837e-05
8.200000000000000000e+01    4.018583411783394529e-06    7.078825612178614728e-06    2.494759093348524723e-05    4.284387263695324001e-05    8.360409984311136628e-05    3.246774490494187381e-04    4.057957697562117067e-04    7.895359212117347789e-05
8.300000000000000000e+01    3.941825747155336113e-06    6.918403746919637588e-06    2.446998245414427894e-05    4.191834371294162701e-05    8.185703929826497222e-05    3.185363786101342524e-04    3.978238427020323442e-04    7.732983830662976577e-05
8.400000000000000000e+01    3.888415243665296347e-06    6.771335486193666514e-06    2.397594154041311299e-05    4.103801928592673315e-05    8.010212818619634435e-05    3.121418855143417493e-04    3.902734187625948132e-04    7.575706269327865542e-05
8.500000000000000000e+01    3.836327744811875009e-06    6.630155489157158771e-06    2.346960492431195483e-05    4.019049568429657336e-05    7.854636637631614302e-05    3.054704681501870878e-04    3.828403042446663126e-04    7.423310407225055185e-05
8.600000000000000000e+01    3.751743662643640643e-06    6.538513237944542327e-06    2.302812256871647503e-05    3.935866958269150306e-05    7.698559326991998909e-05    2.990011555098164692e-04    3.758308742128963127e-04    7.275591654518896473e-05
8.700000000000000000e+01    3.673031416645107344e-06    6.449117952642315794e-06    2.251869344239244286e-05    3.853923273455152495e-05    7.529674195291352840e-05    2.926648686078681832e-04    3.684364123232901833e-04    7.132356212558188947e-05
8.800000000000000000e+01    3.625389461392772398e-06    6.275478050288733298e-06    2.202801915070935881e-05    3.771913329876538630e-05    7.377456816078346456e-05    2.872100251186201114e-04    3.617692085533585683e-04    6.993420389333366574e-05
8.900000000000000000e+01    3.578873712449340903e-06    6.125717788123352779e-06    2.162742948762382171e-05    3.685641103170951029e-05    7.231292461604694305e-05    2.817744215032022851e-04    3.553913624638547065e-04    6.858609965545359101e-05
9.000000000000000000e+01    3.533445157647063431e-06    6.044114253200901185e-06    2.125113124758012956e-05    3.611325246082841794e-05    7.095681957704016193e-05    2.766065915995570361e-04    3.491413819935844658e-04    6.727759607019211953e-05
9.100000000000000000e+01    3.489066560555016654e-06    5.956099910637611166e-06    2.085894585961515504e-05    3.545675295539685149e-05    6.956491953347640771e-05    2.715176971435921856e-04    3.426193771909727989e-04    6.600712319607753248e-05
9.200000000000000000e+01    3.428284207561418366e-06    5.877759091317945480e-06    2.047502655333758553e-05    3.475465174570261306e-05    6.836391254069369423e-05    2.670435494884576219e-04    3.361654910506246732e-04    6.477318943082123329e-05
9.300000000000000000e+01    3.377671636326734378e-06    5.798336553346194187e-06    2.010738812572677797e-05    3.406030655536509321e-05    6.709846297225337600e-05    2.623482738317879496e-04    3.300949233451684595e-04    6.357437680829711418e-05
9.400000000000000000e+01    3.241745363711534928e-06    5.723379704717991058e-06    1.976690647873860553e-05    3.343765953964608108e-05    6.580374656896691881e-05    2.567105356502928930e-04    3.245168969626988391e-04    6.240933662473731303e-05
9.500000000000000000e+01    3.162384694590595581e-06    5.649735684036655926e-06    1.935633115344022960e-05    3.285728142317077171e-05    6.453185153123932921e-05    2.512945097275128535e-04    3.191691119933563812e-04    6.127678536788960567e-05
9.600000000000000000e+01    3.125041360769915514e-06    5.575036672896770751e-06    1.900103253191937826e-05    3.227511201869221282e-05    6.325165775175460060e-05    2.467010149379243733e-04    3.137635173960323198e-04    6.017550092520488621e-05
9.700000000000000000e+01    3.088505771022471385e-06    5.503327368175180457e-06    1.868753350897468866e-05    3.170637355271966544e-05    6.212133306326107708e-05    2.424032394844141821e-04    3.087857846327357971e-04    5.910431904924159756e-05
9.800000000000000000e+01    2.981087907708588376e-06    5.435299189810515446e-06    1.834420056348389392e-05    3.114202596886188855e-05    6.097866635516158542e-05    2.377173771962784172e-04    3.039556680966548890e-04    5.806213006042840419e-05
9.900000000000000000e+01    2.896038289695019092e-06    5.368447772196541499e-06    1.800620221969407423e-05    3.055485861907732587e-05    5.982436336291309056e-05    2.332466758374799156e-04    2.992198330449976035e-04    5.704787576895496606e-05
