# ComponentSize     2.5     5     25     50     75     95     97.5    mean
1.000000000000000000e+00    0.000000000000000000e+00    0.000000000000000000e+00    0.000000000000000000e+00    0.000000000000000000e+00    0.000000000000000000e+00    3.262720283702823520e-01    3.656240687646388765e-01    4.332287851870073037e-02
2.000000000000000000e+00    2.134103966350363590e-01    3.423785145556118570e-01    8.765915082655163504e-01    9.600821141643322010e-01    9.831755853925228106e-01    9.959531286951281981e-01    9.973976316791796082e-01    8.748784251421635183e-01
3.000000000000000000e+00    3.625885635871512369e-04    6.160454337507606385e-04    3.328494872897946617e-03    8.782953214107824813e-03    2.601329171762814182e-02    9.475702883197549553e-02    1.036426216834034492e-01    2.206091114587874213e-02
4.000000000000000000e+00    1.609222415075316670e-04    2.731962601218991364e-04    1.466256023364221782e-03    3.840339821218242619e-03    1.126329477079611278e-02    5.213307049010976191e-02    5.569189842058747120e-02    1.047129937567734502e-02
5.000000000000000000e+00    1.004244705116048560e-04    1.703512646322759814e-04    9.078023299014836064e-04    2.354658574052701132e-03    6.798757272735503343e-03    3.474475003416481467e-02    3.687831293773185387e-02    6.518830835060098090e-03
6.000000000000000000e+00    7.219638880070450662e-05    1.223681389184156753e-04    6.471980941364988138e-04    1.663382679735928276e-03    4.725037546876175061e-03    2.450726663712535572e-02    2.718020466206081884e-02    4.584737516156729524e-03
7.000000000000000000e+00    5.606904801466108931e-05    9.495763357687838605e-05    4.988828019295131087e-04    1.270510774202538535e-03    3.558646400638802460e-03    1.827993279914952654e-02    2.111198318340569771e-02    3.460437180648096543e-03
8.000000000000000000e+00    4.570353481875156078e-05    7.734253651171789791e-05    4.039927863195560617e-04    1.019109096137989093e-03    2.806985222057587284e-03    1.430452469229037508e-02    1.694469976895812691e-02    2.735834691435486046e-03
9.000000000000000000e+00    3.850712109453482659e-05    6.511415818624247977e-05    3.380766958757184105e-04    8.447131913384822504e-04    2.295632146987976619e-03    1.160581606776040116e-02    1.399098224009764219e-02    2.235312362362408458e-03
1.000000000000000000e+01    3.323085738011597210e-05    5.614995441726254165e-05    2.896876724861190979e-04    7.186770023336041526e-04    1.920734425949373542e-03    9.633592033923738668e-03    1.178537413716343636e-02    1.871853263766885432e-03
1.100000000000000000e+01    2.920256949609457888e-05    4.924071840910885004e-05    2.529384569224200625e-04    6.227342386999187764e-04    1.642317920738901264e-03    8.157420549666449805e-03    1.002588086375082350e-02    1.597746575398855014e-03
1.200000000000000000e+01    2.602945312875133918e-05    4.383684896772535540e-05    2.240057433145202536e-04    5.470744077465424090e-04    1.426405236830896638e-03    7.013681431455048680e-03    8.694042000768965536e-03    1.384799070719211012e-03
1.300000000000000000e+01    2.346711252212486500e-05    3.948731118740723961e-05    2.006772409088232619e-04    4.870377831997869857e-04    1.253233457845705006e-03    6.124753403004108525e-03    7.611130475344033038e-03    1.215359398409838814e-03
1.400000000000000000e+01    2.135576092478360275e-05    3.590392173730392624e-05    1.815466352059594594e-04    4.370599612756301722e-04    1.111697550031624012e-03    5.399617387487337140e-03    6.749400784452177712e-03    1.077855146564745325e-03
1.500000000000000000e+01    1.958664309977837116e-05    3.290188297472046875e-05    1.655934578078000635e-04    3.956537960256491389e-04    9.977488002387948415e-04    4.783618330183828961e-03    6.047556231685056495e-03    9.644082432288652576e-04
1.600000000000000000e+01    1.808323264901557449e-05    3.035116668059057877e-05    1.520722525987696500e-04    3.609020675550002983e-04    8.985332953093154917e-04    4.271280463537067799e-03    5.447352863116459304e-03    8.694847049155902128e-04
1.700000000000000000e+01    1.679015229969859599e-05    2.815768407881846151e-05    1.404296637584903846e-04    3.314330660989735266e-04    8.172185837407088546e-04    3.830778867841298351e-03    4.944093880394576784e-03    7.890925589677341050e-04
1.800000000000000000e+01    1.566636044750955960e-05    2.625170666704416969e-05    1.301618560916639516e-04    3.054103280846706962e-04    7.457576568296518616e-04    3.474318767423913157e-03    4.514504188805668929e-03    7.202858192731445303e-04
1.900000000000000000e+01    1.468080651727907696e-05    2.458048289114763302e-05    1.211775823908093882e-04    2.826317564895949094e-04    6.845078038696529154e-04    3.163193231171534513e-03    4.135158327511267128e-03    6.608470138105838583e-04
2.000000000000000000e+01    1.380957276216681972e-05    2.310338101988892765e-05    1.133546424165002579e-04    2.625606294176403019e-04    6.302628271264337822e-04    2.891439824738933385e-03    3.795239124855046605e-03    6.090778727740722752e-04
2.100000000000000000e+01    1.303394219731551588e-05    2.178860594879622795e-05    1.063984099978316990e-04    2.450402418271579335e-04    5.834470894056521112e-04    2.663696501429687821e-03    3.511098234275756170e-03    5.636577070329739031e-04
2.200000000000000000e+01    1.233906106898972239e-05    2.061092637113498099e-05    1.001917781919752859e-04    2.294326839060470099e-04    5.431469486175523418e-04    2.464284417037672804e-03    3.259589819695425487e-03    5.235453750238274655e-04
2.300000000000000000e+01    1.171299316346956478e-05    1.955006783522473618e-05    9.455816821257221976e-05    2.154501045471459027e-04    5.074390510031727593e-04    2.285743405256258041e-03    3.032693181103431664e-03    4.879100337745978467e-04
2.400000000000000000e+01    1.114603846671350083e-05    1.858955502514085870e-05    8.946803487534644409e-05    2.028236088733212882e-04    4.755167714808630178e-04    2.126545245612942395e-03    2.835921508379714556e-03    4.560813286105292494e-04
2.500000000000000000e+01    1.063023392623661010e-05    1.771586348901334340e-05    8.484765581730089245e-05    1.912330808520285399e-04    4.457924822771000138e-04    1.983068055581851345e-03    2.655306932823350320e-03    4.275129764842538712e-04
2.600000000000000000e+01    1.015898203271040621e-05    1.691778856736807877e-05    8.063599016534999731e-05    1.807603944412836962e-04    4.196141023046143356e-04    1.855515429070547827e-03    2.495712554122323304e-03    4.017557462248453758e-04
2.700000000000000000e+01    9.726770654432836637e-06    1.618596938105826857e-05    7.679877598198209981e-05    1.713924369196582781e-04    3.963517865036220774e-04    1.735413297169188882e-03    2.353585426301979880e-03    3.784371405719933585e-04
2.800000000000000000e+01    9.328959030486073874e-06    1.551252523543950198e-05    7.324590475434637424e-05    1.626577276584457576e-04    3.744798017385640373e-04    1.630521148429523240e-03    2.219896540649766558e-03    3.572459297024363056e-04
2.900000000000000000e+01    8.961612408368367007e-06    1.489077467891167644e-05    7.007861775605739730e-05    1.546795948632860855e-04    3.547138135903051426e-04    1.536588014053783284e-03    2.101238382804491728e-03    3.379202450447608671e-04
3.000000000000000000e+01    8.621372912181200830e-06    1.431501612126410454e-05    6.715573393740895212e-05    1.476332721364628201e-04    3.366162183535986339e-04    1.450076404628361645e-03    1.990753545982334484e-03    3.202383187551647659e-04
3.100000000000000000e+01    8.305357717003356753e-06    1.377583196534709812e-05    6.444630610329102924e-05    1.407550038109606108e-04    3.192130092377601282e-04    1.372717247219633948e-03    1.887973807703972103e-03    3.040112120085169435e-04
3.200000000000000000e+01    8.011078029573974165e-06    1.326084795331211464e-05    6.189109353031354730e-05    1.345401368604543890e-04    3.036821848103521317e-04    1.298870796631807758e-03    1.793736122345540801e-03    2.890770543681024109e-04
3.300000000000000000e+01    7.736583739186315227e-06    1.278918256848215462e-05    5.947737631253744621e-05    1.287384523712518805e-04    2.891009669350408590e-04    1.234234561959006308e-03    1.707786862739710601e-03    2.752964426659969721e-04
3.400000000000000000e+01    7.479962917199923928e-06    1.235323426255775905e-05    5.726865037031253101e-05    1.233304989600699029e-04    2.751159347271862616e-04    1.170317924908568282e-03    1.630125375085660511e-03    2.625487378412003905e-04
3.500000000000000000e+01    7.239359647819803735e-06    1.194736303541969806e-05    5.516077612723042342e-05    1.184081245795658019e-04    2.626306600762252572e-04    1.114517975115070269e-03    1.553547492650418464e-03    2.507290631684327693e-04
3.600000000000000000e+01    7.013325139783542822e-06    1.156614337729038768e-05    5.318617056758052209e-05    1.137109977604198926e-04    2.509139700685421651e-04    1.060612438949149220e-03    1.484541325923248488e-03    2.397458547458840728e-04
3.700000000000000000e+01    6.800579924039233052e-06    1.120740834037382086e-05    5.134971674937095418e-05    1.092677855674911664e-04    2.397663231853669854e-04    1.011449114264278146e-03    1.418289227102053187e-03    2.295188500939051072e-04
3.800000000000000000e+01    6.599989848820553783e-06    1.086923719259320880e-05    4.959915941415731411e-05    1.051355628677754081e-04    2.300505090925578588e-04    9.652123132482400784e-04    1.355428887775320156e-03    2.199774267659495631e-04
3.900000000000000000e+01    6.410546042057282101e-06    1.054992145931898881e-05    4.791975512006927003e-05    1.013594131749929881e-04    2.206489451074973281e-04    9.237578374577335707e-04    1.300541774260359712e-03    2.110592224466030075e-04
4.000000000000000000e+01    6.231348097289569478e-06    1.024069025217360348e-05    4.634597420784649160e-05    9.774000953793017467e-05    2.122000205987705813e-04    8.858435345258213736e-04    1.250752961714934192e-03    2.027089828443240588e-04
4.100000000000000000e+01    6.061318766351670702e-06    9.952073109091750337e-06    4.490166386607514527e-05    9.424674478985395473e-05    2.036519565493168928e-04    8.503385393708307299e-04    1.203668751749750526e-03    1.948775950166219226e-04
4.200000000000000000e+01    5.899666011663867237e-06    9.679675061013470261e-06    4.352121301849128646e-05    9.095762344837807743e-05    1.960834759391222055e-04    8.170356511453116333e-04    1.157756686744799068e-03    1.875212724864321089e-04
4.300000000000000000e+01    5.743850277075483465e-06    9.420998537461208779e-06    4.219618136142450217e-05    8.784175496866419234e-05    1.884671936529590621e-04    7.852055747942985036e-04    1.114570755931398698e-03    1.806008652681550034e-04
4.400000000000000000e+01    5.596653464814361077e-06    9.175040255771034874e-06    4.094904470624135759e-05    8.493216000297532553e-05    1.816283039516672511e-04    7.563240746630966191e-04    1.074063460632681405e-03    1.740812731977565747e-04
4.500000000000000000e+01    5.457884216272915922e-06    8.942549093306186774e-06    3.977234738302600896e-05    8.218616951384744625e-05    1.746877074786531655e-04    7.298037079515474340e-04    1.035859312831804600e-03    1.679309451048987200e-04
4.600000000000000000e+01    5.325585017440295833e-06    8.721733960488617962e-06    3.865564098197961986e-05    7.963723110220590439e-05    1.687524636571046126e-04    7.036813948720473328e-04    9.997802953252185165e-04    1.621214496394889873e-04
4.700000000000000000e+01    5.199315610637121252e-06    8.468146421044628488e-06    3.759620894812628158e-05    7.713882041500117229e-05    1.624443282061733174e-04    6.779160458229146688e-04    9.656656622074716832e-04    1.566271061676304628e-04
4.800000000000000000e+01    5.070094022317555701e-06    8.268203647589668004e-06    3.660258756957508638e-05    7.479727128597894682e-05    1.571630092953583871e-04    6.530791368444106805e-04    9.331654451131379856e-04    1.514246662314746846e-04
4.900000000000000000e+01    4.946578212806319832e-06    8.077015593958228939e-06    3.560846989320533480e-05    7.261784177544860727e-05    1.515272393759687958e-04    6.321150852945278849e-04    9.029045790051690602e-04    1.464930377387527508e-04
5.000000000000000000e+01    4.786215139865386439e-06    7.894023547962041504e-06    3.466900654466373972e-05    7.043671051507842797e-05    1.465267966719969398e-04    6.124585663451703830e-04    8.751774538084068546e-04    1.418130453962189214e-04
5.100000000000000000e+01    4.677145602460076650e-06    7.718715246257667350e-06    3.375993284301428006e-05    6.834972449355531006e-05    1.418748231467529121e-04    5.916345929248701795e-04    8.464036197963904469e-04    1.373672219961065031e-04
5.200000000000000000e+01    4.576801063486027610e-06    7.550620151172789754e-06    3.293287495887104404e-05    6.636599578075588616e-05    1.374330340989570126e-04    5.731807563889001469e-04    8.189995958331378707e-04    1.331396260561970915e-04
5.300000000000000000e+01    4.480487362270348591e-06    7.389305291926595972e-06    3.213569083015480336e-05    6.450578848022291926e-05    1.332585612813712652e-04    5.552120086870019873e-04    7.931010417851159979e-04    1.291156820442616036e-04
5.400000000000000000e+01    4.387967581535737530e-06    7.234371593145937328e-06    3.135725112236176096e-05    6.273911627395821835e-05    1.291501804318286257e-04    5.394352912608961536e-04    7.692205638184604908e-04    1.252820400175678702e-04
5.500000000000000000e+01    4.299022985641842279e-06    7.085450625380596579e-06    3.057412127910634145e-05    6.099355421855024752e-05    1.252980412708754217e-04    5.228463925108805567e-04    7.464851325885282296e-04    1.216264520033756097e-04
5.600000000000000000e+01    4.213451310795219267e-06    6.942201722125312912e-06    2.982723161177477009e-05    5.939671642174993268e-05    1.213640482951510938e-04    5.068591776330788395e-04    7.259615722273770385e-04    1.181376628564326632e-04
5.700000000000000000e+01    4.131065244516911020e-06    6.804309416040888477e-06    2.911551944556541003e-05    5.779625406378132520e-05    1.179426653858382009e-04    4.907077192411740544e-04    7.067003754749179691e-04    1.148053136706664361e-04
5.800000000000000000e+01    4.051691070387430861e-06    6.671481153914439956e-06    2.846631702784465504e-05    5.629310869234371113e-05    1.146589648782489669e-04    4.770214959286069359e-04    6.860151034883193652e-04    1.116198561067485381e-04
5.900000000000000000e+01    3.975167457491135616e-06    6.543445255651127195e-06    2.784340656545317966e-05    5.475831673701737152e-05    1.113135630497726417e-04    4.635762721526624883e-04    6.667774324417318540e-04    1.085724762356645004e-04
6.000000000000000000e+01    3.901344376861287941e-06    6.419949087441321968e-06    2.724361931126543788e-05    5.331603622854559052e-05    1.081691943702511638e-04    4.515375179939695597e-04    6.491080745905984748e-04    1.056550266984752353e-04
6.100000000000000000e+01    3.830082129658634022e-06    6.300757423350340573e-06    2.664388172244561086e-05    5.193068977961750411e-05    1.052151399844770822e-04    4.380880081758920354e-04    6.318960670327918158e-04    1.028599661511943390e-04
6.200000000000000000e+01    3.761250473864917316e-06    6.185650973052410005e-06    2.609514581501134442e-05    5.060175102021229987e-05    1.021042954880784875e-04    4.240888146654066227e-04    6.143116819868735300e-04    1.001803051064148437e-04
6.300000000000000000e+01    3.694727838053154643e-06    6.074425056386647741e-06    2.552502278538184451e-05    4.926696207182585670e-05    9.958989640831865180e-05    4.114623072273873822e-04    5.976866078562698180e-04    9.760955740401676254e-05
6.400000000000000000e+01    3.630400612265136665e-06    5.966888407947516864e-06    2.500937224508955405e-05    4.804745342279408507e-05    9.684813092416795586e-05    4.001802024936919875e-04    5.831941966938524900e-04    9.514169664630638611e-05
6.500000000000000000e+01    3.568162507326992872e-06    5.862862097073727714e-06    2.449711175241598880e-05    4.693633964835466763e-05    9.454994452645805588e-05    3.903797929863982771e-04    5.694735773716397840e-04    9.277111702042534235e-05
6.600000000000000000e+01    3.507913975015778414e-06    5.762178550442273998e-06    2.401974425283896558e-05    4.577249756574269845e-05    9.226430133397695921e-05    3.811671700662622522e-04    5.561977730580414375e-04    9.049259800581165849e-05
6.700000000000000000e+01    3.449561682445664367e-06    5.664680666089614510e-06    2.356109736279724096e-05    4.472686439615507513e-05    8.980778023355739839e-05    3.722222497596143183e-04    5.434236678061504571e-04    8.830127252873153630e-05
6.800000000000000000e+01    3.393018034855927157e-06    5.570221009039120137e-06    2.311023080106595302e-05    4.365882820801945990e-05    8.754227092538371339e-05    3.635170739782147718e-04    5.305067105635262372e-04    8.619259818106326707e-05
6.900000000000000000e+01    3.338200741672132617e-06    5.478661079892922341e-06    2.266547146185292301e-05    4.264747877645394829e-05    8.532403834167025041e-05    3.554672627068551204e-04    5.174643285954172922e-04    8.416233116795298979e-05
7.000000000000000000e+01    3.285032421344605266e-06    5.388480021629943066e-06    2.223587972432673082e-05    4.167429124887004060e-05    8.312480962005280199e-05    3.476879290923020152e-04    5.050249980215648811e-04    8.220650269005858415e-05
7.100000000000000000e+01    3.233440240969591943e-06    5.302750574456046705e-06    2.180580076771638956e-05    4.071991486506859739e-05    8.112187409409945377e-05    3.393563309386530224e-04    4.930658424132151364e-04    8.032139750153394577e-05
7.200000000000000000e+01    3.183355587185879076e-06    5.219539468368849159e-06    2.139308218281776812e-05    3.976803038721249731e-05    7.914884463041040746e-05    3.313032304107937118e-04    4.817534304866975792e-04    7.850353441564178903e-05
7.300000000000000000e+01    3.134713765220110924e-06    5.138738416303063353e-06    2.099225935584926467e-05    3.882168485220674400e-05    7.734971499177555076e-05    3.233933413882024823e-04    4.713931127686263236e-04    7.674964855672745381e-05
7.400000000000000000e+01    3.087453723314731643e-06    5.059989367819727055e-06    2.060573452213363088e-05    3.800317961546177448e-05    7.562675567619290965e-05    3.157086108702792672e-04    4.613282468712671339e-04    7.505667518039140819e-05
7.500000000000000000e+01    3.041517800075364122e-06    4.983635292796801919e-06    2.023310827919021432e-05    3.713253627258301796e-05    7.383851743642663918e-05    3.083959419428871783e-04    4.516047243542725621e-04    7.342173490416877045e-05
7.600000000000000000e+01    2.996851492545737674e-06    4.908690697279933944e-06    1.985874606672055753e-05    3.634910759006946309e-05    7.217717794869254848e-05    3.020939521642832058e-04    4.416888708027885777e-04    7.184212020867540539e-05
7.700000000000000000e+01    2.953403243056238727e-06    4.835922073811812964e-06    1.948912874716413008e-05    3.553612007417433793e-05    7.054880204462272227e-05    2.960004659502189317e-04    4.328790374160824939e-04    7.031528308481069950e-05
7.800000000000000000e+01    2.911124243092773742e-06    4.765150931465208824e-06    1.914097205362772124e-05    3.479895038631480007e-05    6.904616188453944049e-05    2.899800902812898888e-04    4.244841000650400047e-04    6.883882371612462720e-05
7.900000000000000000e+01    2.869968252623906339e-06    4.696272050877783926e-06    1.882000320614954134e-05    3.406931932710078801e-05    6.765952932934669558e-05    2.839919049532129368e-04    4.162248714651252466e-04    6.741048009759479710e-05
8.000000000000000000e+01    2.829891433486918108e-06    4.629211390151519475e-06    1.850853522959252211e-05    3.333189253673147666e-05    6.626955297673436105e-05    2.767335934916856821e-04    4.083923872685994477e-04    6.602811850251834368e-05
8.100000000000000000e+01    2.790852195565582270e-06    4.563898708508591209e-06    1.819302447460992024e-05    3.269841091150020395e-05    6.496251038720686900e-05    2.704867993670825757e-04    4.007037453578949000e-04    6.468972471857165670e-05
8.200000000000000000e+01    2.752811054641668330e-06    4.500267325788131845e-06    1.790506652565344728e-05    3.204794443419851008e-05    6.360708497220952853e-05    2.648756043107952803e-04    3.924223564071191678e-04    6.339339598235674853e-05
8.300000000000000000e+01    2.715730500882457341e-06    4.438253899944290207e-06    1.762835965731133643e-05    3.140305030540779270e-05    6.237797816950717419e-05    2.595192216270029843e-04    3.841849979893795382e-04    6.213733354888506370e-05
8.400000000000000000e+01    2.679574877064515920e-06    4.377798221027786113e-06    1.731790121875318572e-05    3.078422769858993162e-05    6.104252581919627889e-05    2.542856888130652160e-04    3.759686673556920998e-04    6.091983583916309788e-05
8.500000000000000000e+01    2.644310265690848649e-06    4.318843020215280877e-06    1.704662632949405620e-05    3.017139947519940975e-05    5.990528925318077080e-05    2.487661443678010624e-04    3.680070536852802360e-04    5.973929211448174482e-05
8.600000000000000000e+01    2.609904384262359573e-06    4.261333792642966557e-06    1.678430589906927277e-05    2.961452231831256853e-05    5.878401665759281096e-05    2.441113033960865821e-04    3.607677349124588611e-04    5.859417663135221930e-05
8.700000000000000000e+01    2.576326488019517923e-06    4.204840094550047871e-06    1.652492116558239738e-05    2.904466766278180690e-05    5.767632185908592741e-05    2.394782626247783967e-04    3.540562273712448784e-04    5.748304323537113962e-05
8.800000000000000000e+01    2.543547279537314462e-06    4.149405172829011633e-06    1.625841037643607247e-05    2.849745045900562882e-05    5.643845335430828114e-05    2.348194747828133140e-04    3.477515722981935745e-04    5.640452035646938400e-05
8.900000000000000000e+01    2.511538824627785058e-06    4.095285154024344286e-06    1.598991324573955175e-05    2.797748490933845192e-05    5.534764339341578506e-05    2.304300768204826206e-04    3.411002716758396451e-04    5.535730637155408801e-05
9.000000000000000000e+01    2.480274474029084720e-06    4.042434438148801057e-06    1.574359313225496919e-05    2.747549914768151780e-05    5.434059573707263345e-05    2.263732046018641876e-04    3.346172383642315087e-04    5.434016530375257041e-05
9.100000000000000000e+01    2.449728790433701685e-06    3.990809501872742544e-06    1.550062804984486187e-05    2.697347499492192579e-05    5.329342376589725022e-05    2.219257122097679548e-04    3.279316424501165991e-04    5.335192283042662246e-05
9.200000000000000000e+01    2.419877480428428369e-06    3.940368781815898283e-06    1.525832809911329961e-05    2.648660427022694156e-05    5.234477778552577626e-05    2.181574634177103119e-04    3.215776390643533306e-04    5.239146257465641552e-05
9.300000000000000000e+01    2.390697330967139773e-06    3.891072565616905327e-06    1.502063841936167073e-05    2.600772218288111356e-05    5.138784480707539774e-05    2.139353904597422339e-04    3.155402061188825459e-04    5.145772265720755168e-05
9.400000000000000000e+01    2.362166150031794062e-06    3.833994138939771796e-06    1.478097347011816038e-05    2.556411458749389669e-05    5.049512620453190214e-05    2.104106011518783713e-04    3.099896673801256532e-04    5.054969248811961517e-05
9.500000000000000000e+01    2.334262711154784028e-06    3.787086666468427261e-06    1.454717053953383594e-05    2.508270636099654420e-05    4.954590383715255623e-05    2.069292264029598126e-04    3.049954438059134768e-04    4.966640977892218837e-05
9.600000000000000000e+01    2.306966701523588243e-06    3.741209723841423553e-06    1.432408805937092397e-05    2.466448872946650341e-05    4.866973509059719559e-05    2.035403012482467724e-04    3.000341759015739268e-04    4.880695775815341872e-05
9.700000000000000000e+01    2.280258673388933299e-06    3.696330210706881373e-06    1.412217308644452465e-05    2.421680430479622315e-05    4.784050983827296138e-05    2.001616686813960312e-04    2.943084325866237097e-04    4.797046257438755657e-05
9.800000000000000000e+01    2.254119998544750245e-06    3.652416423669764125e-06    1.391237088678782412e-05    2.381785566802332979e-05    4.701424075562540437e-05    1.960626443238807563e-04    2.889113083205617212e-04    4.715609087238008295e-05
9.900000000000000000e+01    2.228532825650353473e-06    3.595704293891500853e-06    1.370129912098961463e-05    2.338507834818004253e-05    4.625788929920460332e-05    1.927807606269044865e-04    2.835176409981425344e-04    4.636304752911735698e-05
