# ComponentSize     2.5     5     25     50     75     95     97.5    mean
1.000000000000000000e+00    0.000000000000000000e+00    0.000000000000000000e+00    0.000000000000000000e+00    0.000000000000000000e+00    1.444634696867803658e-01    3.521228045141099883e-01    3.671829654224933459e-01    7.747543395340725225e-02
2.000000000000000000e+00    1.709514921114254626e-01    1.899430889115144849e-01    5.937706373704536578e-01    8.727673618711780934e-01    9.572020270420281696e-01    9.898542034284719682e-01    9.926970389974125730e-01    7.440974778648137278e-01
3.000000000000000000e+00    1.324452915090237794e-03    1.909364492034677525e-03    1.074292927300044866e-02    3.550093185242860633e-02    8.769369263723345020e-02    1.097549660604810323e-01    1.164538374735019921e-01    4.766239760803995390e-02
4.000000000000000000e+00    5.862450511533409984e-04    8.441981002035872867e-04    4.703351237023587969e-03    1.542163917211897099e-02    4.445910690083736128e-02    5.754734051120276306e-02    6.006052381671698331e-02    2.351349288309871610e-02
5.000000000000000000e+00    3.647456121150175054e-04    5.245427518263836133e-04    2.884445874026789116e-03    9.280028428749269656e-03    2.694993766453897613e-02    3.830252721679252431e-02    3.942663560384274818e-02    1.479085885011093178e-02
6.000000000000000000e+00    2.614285473776143905e-04    3.754645914770606842e-04    2.036403337626926848e-03    6.359953292307376008e-03    1.846265801037273030e-02    2.796029796114121724e-02    2.882735827976665513e-02    1.042694476468759152e-02
7.000000000000000000e+00    2.024281314475013692e-04    2.903527895041191592e-04    1.553569494023046300e-03    4.717119699439832961e-03    1.369489577788415499e-02    2.160808936700292851e-02    2.232654660096790658e-02    7.864085181072065153e-03
8.000000000000000000e+00    1.645263444481684368e-04    2.356929685832550431e-04    1.244823149254812005e-03    3.706139358407840954e-03    1.069180526090774894e-02    1.741197178889791752e-02    1.797437801638071889e-02    6.204315808677659735e-03
9.000000000000000000e+00    1.382255224646378091e-04    1.977754274177910706e-04    1.031658232965355308e-03    2.995845394564027736e-03    8.646303270205709518e-03    1.444346247233854047e-02    1.484591591263107781e-02    5.055478790824120133e-03
1.000000000000000000e+01    1.189533688977895647e-04    1.700003389074202062e-04    8.737458864755709995e-04    2.500272637907745288e-03    7.179127633332715690e-03    1.216320741142049543e-02    1.255723838441617779e-02    4.220862213847103792e-03
1.100000000000000000e+01    1.042483201850906758e-04    1.488147742683080664e-04    7.516135512410984914e-04    2.128605714890781549e-03    6.069262695329915788e-03    1.041862511734530788e-02    1.073600233027145398e-02    3.591739677361796036e-03
1.200000000000000000e+01    9.267208723317638076e-05    1.321428976444831546e-04    6.598279512597049956e-04    1.834153628270172040e-03    5.195933719546253979e-03    9.093308460937896825e-03    9.389114767084896090e-03    3.103516603141516939e-03
1.300000000000000000e+01    8.332992376520772084e-05    1.186934478761401702e-04    5.837805973285127136e-04    1.597746443162314936e-03    4.528109407543381634e-03    8.023357844915800577e-03    8.287931211634685588e-03    2.715605450742951919e-03
1.400000000000000000e+01    7.563693158059100769e-05    1.076223930142713352e-04    5.212908891777204854e-04    1.406685879783096818e-03    3.977452857021516498e-03    7.105243774240929851e-03    7.392080822394113404e-03    2.401333378323454448e-03
1.500000000000000000e+01    6.919507617731726591e-05    9.835540317938488671e-05    4.709252341303774340e-04    1.260699471070938875e-03    3.540816550386813831e-03    6.368623123027688203e-03    6.644939321122984854e-03    2.142515293642642104e-03
1.600000000000000000e+01    6.372432338630815802e-05    9.048844997394539795e-05    4.289861991331878738e-04    1.130863709022875965e-03    3.162977713988146360e-03    5.747594059330785911e-03    6.012833026701029822e-03    1.926366060401299516e-03
1.700000000000000000e+01    5.902206408450458769e-05    8.373863411579125164e-05    3.932098483683869297e-04    1.021573892431501757e-03    2.856793464208852613e-03    5.219155413383927411e-03    5.469326341525710539e-03    1.743659545194799296e-03
1.800000000000000000e+01    5.493816460826895224e-05    7.788223210602854046e-05    3.614226753020788742e-04    9.287179548388693404e-04    2.598000170257658281e-03    4.771876302013157087e-03    4.999040379701458377e-03    1.587586943434084966e-03
1.900000000000000000e+01    5.135905891753232553e-05    7.275165799112021667e-05    3.337486776190218512e-04    8.498307569862503623e-04    2.372251141719147836e-03    4.380926179436139822e-03    4.586952237389617555e-03    1.453024520923222552e-03
2.000000000000000000e+01    4.819728428408793505e-05    6.822104437169678338e-05    3.094627265922358537e-04    7.766721126961967283e-04    2.181511651731424598e-03    4.033203269023005223e-03    4.227674778313760505e-03    1.336050064942925905e-03
2.100000000000000000e+01    4.538440835544498312e-05    6.419192058566577203e-05    2.879987318325443564e-04    7.158473114522006511e-04    2.013143870387141057e-03    3.728689550350760499e-03    3.910516126238424393e-03    1.233615332358222296e-03
2.200000000000000000e+01    4.286361234930290967e-05    6.058616289081118322e-05    2.689085517734842649e-04    6.604737492061107419e-04    1.828304508049563787e-03    3.469158299620741376e-03    3.630215781224995723e-03    1.143319126049644526e-03
2.300000000000000000e+01    4.059337899242411620e-05    5.734101066507063196e-05    2.518329743291597357e-04    6.166494610404543329e-04    1.693888590868047796e-03    3.233966611884928153e-03    3.380476154715411803e-03    1.063246912894995604e-03
2.400000000000000000e+01    3.853897601727768912e-05    5.440547626645110725e-05    2.364808338017212292e-04    5.739419486902064835e-04    1.577844027065335554e-03    3.020953187712135599e-03    3.159043399925857889e-03    9.918554258189636770e-04
2.500000000000000000e+01    3.667126955321019872e-05    5.173771482577804048e-05    2.227485879637742551e-04    5.334562003759029053e-04    1.475897149965251474e-03    2.831435988936854484e-03    2.962104536168944004e-03    9.278882848074383521e-04
2.600000000000000000e+01    3.496612634744759727e-05    4.930306774805639727e-05    2.108765947035843159e-04    4.978300165636797853e-04    1.384265981254774892e-03    2.663478820570525964e-03    2.785821852741446423e-03    8.703133928186065817e-04
2.700000000000000000e+01    3.340338727004493594e-05    4.707258712895021389e-05    1.997724471839624647e-04    4.633363167817294392e-04    1.297069395256907585e-03    2.511243697831313810e-03    2.628458751542939176e-03    8.182758670821460275e-04
2.800000000000000000e+01    3.196608329658125349e-05    4.502190879398659270e-05    1.893946146440994615e-04    4.333189706461847666e-04    1.224600273897187000e-03    2.372483902289976992e-03    2.483467729289569326e-03    7.710622190362661056e-04
2.900000000000000000e+01    3.063982976274615247e-05    4.313038163772200305e-05    1.795526920688595546e-04    4.075294645015371223e-04    1.147327650160741286e-03    2.243879042017228945e-03    2.354468126205374462e-03    7.280727897934361273e-04
3.000000000000000000e+01    2.941235338537659722e-05    4.138038783190301997e-05    1.704705911739043032e-04    3.837579243060540912e-04    1.080130435891109991e-03    2.127476942969284360e-03    2.235994278309700201e-03    6.888003201105494418e-04
3.100000000000000000e+01    2.827311933840884675e-05    3.975680686925180221e-05    1.618688193964072685e-04    3.621098178322763460e-04    1.025673112899326772e-03    2.019817166820055306e-03    2.126386476120204101e-03    6.528131312271942847e-04
3.200000000000000000e+01    2.721303456053847765e-05    3.824658919053446152e-05    1.540765496238886176e-04    3.425586868998225804e-04    9.714728786350016951e-04    1.923275665087047399e-03    2.024608338549847668e-03    6.197418082308662817e-04
3.300000000000000000e+01    2.622420973436016047e-05    3.683841414819606571e-05    1.470246689553198426e-04    3.244077910043304761e-04    9.237516229825867408e-04    1.833829016321680263e-03    1.931283914186652812e-03    5.892685702724440640e-04
3.400000000000000000e+01    2.529976684787642427e-05    3.552241348878281470e-05    1.405367581958605035e-04    3.091205179204637539e-04    8.778399063949210825e-04    1.747545552027666071e-03    1.844732756436007551e-03    5.611187208208955838e-04
3.500000000000000000e+01    2.443368248035493256e-05    3.406382922747798589e-05    1.344950102624047419e-04    2.949423919116396660e-04    8.374524771212376239e-04    1.669142524413338687e-03    1.764113081386160277e-03    5.350537219656133388e-04
3.600000000000000000e+01    2.362065931571423827e-05    3.291922394968920467e-05    1.288573080451484881e-04    2.817645264033659868e-04    7.957881591809781502e-04    1.597286948267146291e-03    1.689127631123507958e-03    5.108655468763780537e-04
3.700000000000000000e+01    2.285602013075212986e-05    3.184309574435487453e-05    1.233599137937047897e-04    2.694914148928203071e-04    7.567619070590027785e-04    1.529508877888050402e-03    1.618888430687845815e-03    4.883720457338768016e-04
3.800000000000000000e+01    2.180438263204660849e-05    3.082956566791685097e-05    1.184385748806252340e-04    2.580209531549753840e-04    7.243848215090433092e-04    1.467055103483218834e-03    1.553176675486502966e-03    4.674131209067257852e-04
3.900000000000000000e+01    2.114200079718534479e-05    2.987340594193000362e-05    1.139680449169209759e-04    2.472832015049136094e-04    6.955648466655476453e-04    1.407479784478688932e-03    1.491707986859499820e-03    4.478475525785807353e-04
4.000000000000000000e+01    2.051587885099312547e-05    2.896995242691983928e-05    1.096663907314351932e-04    2.373073318128513345e-04    6.657791226313171254e-04    1.352160928264831792e-03    1.434318251475899097e-03    4.295503504484499417e-04
4.100000000000000000e+01    1.992315258897285848e-05    2.811503082449208905e-05    1.055703747781328245e-04    2.279036943210648112e-04    6.355070201243083602e-04    1.299050452895599873e-03    1.380989300094346292e-03    4.124105334137779817e-04
4.200000000000000000e+01    1.936125065653337767e-05    2.730489416224645766e-05    1.017098588990076734e-04    2.184309900214090447e-04    6.114949116673848916e-04    1.252299834418349640e-03    1.329579919038891868e-03    3.963292593737990834e-04
4.300000000000000000e+01    1.882785812030970520e-05    2.653616960099068294e-05    9.806628938107431214e-05    2.089828744533094582e-04    5.889255742269469338e-04    1.207630743004650328e-03    1.282018961807195306e-03    3.812182429651846550e-04
4.400000000000000000e+01    1.832088533893676271e-05    2.580581298346454981e-05    9.436569708729066386e-05    2.002295831365376300e-04    5.676808918707262376e-04    1.165641533317871015e-03    1.236778383528905692e-03    3.669984112717118350e-04
4.500000000000000000e+01    1.783844125595147678e-05    2.511106984252841525e-05    9.080947641591357320e-05    1.921391456814617650e-04    5.476548850945648717e-04    1.124730303975846665e-03    1.194061535583716650e-03    3.535987571514143720e-04
4.600000000000000000e+01    1.737881039951428842e-05    2.442884520044521604e-05    8.715536710278324565e-05    1.854069788823735625e-04    5.287522212827712497e-04    1.086449754637102555e-03    1.153421574037243914e-03    3.409553574093511291e-04
4.700000000000000000e+01    1.694043300279144272e-05    2.359760512762022430e-05    8.426430378881992402e-05    1.790376184731415430e-04    5.089896270070207954e-04    1.048826011608829448e-03    1.114925895341478809e-03    3.290105290702627751e-04
4.800000000000000000e+01    1.652188776236812096e-05    2.299823488614659346e-05    8.121711809984064891e-05    1.731347311717479299e-04    4.906945304177342182e-04    1.014519603910146901e-03    1.078457748547933821e-03    3.177121018184793171e-04
4.900000000000000000e+01    1.612187683547640574e-05    2.242564437145067084e-05    7.857085379830706690e-05    1.676623835377558710e-04    4.737744980237356351e-04    9.823976425266031914e-04    1.044512630152545640e-03    3.070127885386402075e-04
5.000000000000000000e+01    1.547803726459803358e-05    2.187811184560223057e-05    7.626026664026285288e-05    1.612380444434669360e-04    4.567238134564657859e-04    9.519018850430372358e-04    1.011875997064360733e-03    2.968696390093049494e-04
5.100000000000000000e+01    1.512150910467253566e-05    2.135405920325501595e-05    7.391476262336553753e-05    1.550246827427345252e-04    4.393898133419203884e-04    9.229197286237230064e-04    9.810201674016170732e-04    2.872435643319008855e-04
5.200000000000000000e+01    1.477980715081274022e-05    2.071736496062168237e-05    7.166766565190468027e-05    1.498802322289136926e-04    4.229714184877431701e-04    8.953296826570740366e-04    9.522196339095769825e-04    2.780989217371915160e-04
5.300000000000000000e+01    1.445203802320265204e-05    2.024256480201054722e-05    6.957554992227572312e-05    1.446064879593313656e-04    4.102549297055395295e-04    8.681529507886370225e-04    9.247853943436496566e-04    2.694031510974489877e-04
5.400000000000000000e+01    1.413737840694334670e-05    1.978694783620825630e-05    6.735915864448573521e-05    1.398183914029160139e-04    3.955690887602143139e-04    8.409333630892576418e-04    8.988261020205987051e-04    2.611264558572054788e-04
5.500000000000000000e+01    1.382085705281515460e-05    1.934939755664487224e-05    6.528116915964851533e-05    1.356908412818788742e-04    3.845395705753244407e-04    8.153111936574765437e-04    8.741531220468591818e-04    2.532415222377685702e-04
5.600000000000000000e+01    1.330551608317059235e-05    1.892888191096421145e-05    6.335948951910857206e-05    1.319641521780682007e-04    3.740127757367624878e-04    7.916506251232097863e-04    8.505858331975060544e-04    2.457232715163465073e-04
5.700000000000000000e+01    1.302939875375486238e-05    1.852444548554065920e-05    6.114402761371649873e-05    1.280051165381910355e-04    3.621030699180067267e-04    7.690586735692568838e-04    8.280561282262509891e-04    2.385486409667510774e-04
5.800000000000000000e+01    1.276354554153941069e-05    1.813520254083350575e-05    5.929751942023350064e-05    1.243837391897133638e-04    3.505012118559892647e-04    7.486113915567550563e-04    8.061103573845755654e-04    2.316963897040274156e-04
5.900000000000000000e+01    1.250740335287368502e-05    1.776033079153876591e-05    5.770392360524126451e-05    1.209377869725174643e-04    3.406744184256584995e-04    7.291895306342611278e-04    7.850391129275467251e-04    2.251469262240756700e-04
6.000000000000000000e+01    1.226045794901671323e-05    1.739906584034704015e-05    5.594439112406705161e-05    1.171436043660230200e-04    3.312727135965840269e-04    7.105424720195880088e-04    7.648521306322054666e-04    2.188821548898230228e-04
6.100000000000000000e+01    1.202223059989026339e-05    1.694186349829666555e-05    5.421657303063846724e-05    1.140629584200100288e-04    3.222710643520212211e-04    6.925911015671622293e-04    7.455022872242306111e-04    2.128853390034236999e-04
6.200000000000000000e+01    1.179227507741908973e-05    1.660790901422961002e-05    5.268427903477127401e-05    1.112082381139349379e-04    3.136462955906133996e-04    6.753712151782399406e-04    7.270103435647804055e-04    2.071409784319114993e-04
6.300000000000000000e+01    1.157017494892322860e-05    1.628549063871389917e-05    5.116974432834683938e-05    1.076071590871455311e-04    3.050254540512871838e-04    6.588418633524519919e-04    7.092570898769838149e-04    2.016347000310803723e-04
6.400000000000000000e+01    1.135554113624711518e-05    1.597403429643937608e-05    4.971494255808104945e-05    1.044001649532402657e-04    2.968632980547103277e-04    6.429649950691748370e-04    6.922019825593024025e-04    1.963531593487829162e-04
6.500000000000000000e+01    1.114800971069697397e-05    1.567300310534688906e-05    4.836165591384685705e-05    1.012635787837942166e-04    2.898260309342036304e-04    6.275692400927439935e-04    6.758072922738549149e-04    1.912839522896020645e-04
6.600000000000000000e+01    1.094723989764250771e-05    1.536104993140710345e-05    4.711050255834041661e-05    9.817202203959674532e-05    2.825087426470337124e-04    6.126253237988889570e-04    6.600378689141746984e-04    1.864155355947358221e-04
6.700000000000000000e+01    1.051366338467583824e-05    1.496254537725777591e-05    4.594359235119301586e-05    9.570886375238368989e-05    2.754750927092710472e-04    5.982470055706175282e-04    6.448609294182157045e-04    1.817371551381183467e-04
6.800000000000000000e+01    1.032977751965208837e-05    1.469077394639384338e-05    4.478041178823387075e-05    9.362907990624856353e-05    2.687101114104207319e-04    5.844049177052095239e-04    6.302458659027078067e-04    1.772387811661646040e-04
6.900000000000000000e+01    1.015162517053841645e-05    1.442757585329480147e-05    4.388262895372135706e-05    9.162342354105686799e-05    2.619676884380070080e-04    5.710716211895994687e-04    6.162920013156620441e-04    1.729110497171654280e-04
7.000000000000000000e+01    9.978947275310789033e-06    1.417256186824748080e-05    4.279498407642662642e-05    8.911624999750070641e-05    2.549960055751474496e-04    5.582214532275073032e-04    6.028734217976319506e-04    1.687452095503368652e-04
7.100000000000000000e+01    9.811500058295361231e-06    1.370284320777760340e-05    4.182484366949555714e-05    8.710725787654485688e-05    2.494197018176625975e-04    5.458303888045780211e-04    5.897010438692193305e-04    1.647330739955677804e-04
7.200000000000000000e+01    9.649053921793708521e-06    1.346351028746259908e-05    4.093890224850088024e-05    8.494487969430445317e-05    2.424819407335045347e-04    5.338759148213654236e-04    5.769654300868004050e-04    1.608669772052209452e-04
7.300000000000000000e+01    9.421186236609980767e-06    1.320425665901445499e-05    4.007996950218277243e-05    8.253939510207982755e-05    2.368844266803459800e-04    5.223369154960590425e-04    5.643377634179699408e-04    1.571397343505323834e-04
7.400000000000000000e+01    9.269680424367710220e-06    1.296268071095805198e-05    3.912411664650575487e-05    8.061489648794682283e-05    2.302989844630413973e-04    5.111935678888212100e-04    5.521641347106951347e-04    1.535446053580547324e-04
7.500000000000000000e+01    9.122510330073571057e-06    1.274785931881662486e-05    3.795203191998507266e-05    7.875671596043774879e-05    2.249467556400426007e-04    5.002728279024694098e-04    5.409017327704816530e-04    1.500752618281626146e-04
7.600000000000000000e+01    8.979496030088365398e-06    1.253918940768164506e-05    3.721311305536443166e-05    7.681746300364670024e-05    2.189683820673064168e-04    4.896186673315468339e-04    5.298930705852668288e-04    1.467257568179684043e-04
7.700000000000000000e+01    8.840467361562480672e-06    1.233641763902188171e-05    3.629485255003640846e-05    7.483687956786571184e-05    2.137070446687854811e-04    4.792605753628667955e-04    5.190936773687556890e-04    1.434904972065759296e-04
7.800000000000000000e+01    8.612849611409105491e-06    1.213930427496558878e-05    3.529538601905924685e-05    7.325141013490327365e-05    2.093136338491999944e-04    4.692419882611872017e-04    5.088230712164929252e-04    1.403642183914337077e-04
7.900000000000000000e+01    8.483073687650375706e-06    1.184245968922813594e-05    3.441910503507521847e-05    7.169078647160635905e-05    2.050922030452140862e-04    4.592191746966944703e-04    4.990876863684261255e-04    1.373419610921484371e-04
8.000000000000000000e+01    8.356773187145877298e-06    1.140547680131990436e-05    3.365997369051042595e-05    6.969169006408025308e-05    2.010063739072496646e-04    4.494808381260260327e-04    4.894867594199670381e-04    1.344190500619103616e-04
8.100000000000000000e+01    8.100147364300402811e-06    1.122916347046396043e-05    3.285996516252889679e-05    6.824879910148939400e-05    1.970400088143269511e-04    4.402391826424671066e-04    4.800969016743215304e-04    1.315910745279895140e-04
8.200000000000000000e+01    7.732243670839948017e-06    1.105752972247196299e-05    3.213943739379063891e-05    6.669821599753239137e-05    1.926595829835039194e-04    4.316214084316488870e-04    4.709959065455284638e-04    1.288538702014681834e-04
8.300000000000000000e+01    7.587238525307819244e-06    1.089039704675125007e-05    3.144116739533218025e-05    6.525864993434583492e-05    1.888934568022900679e-04    4.236745948842528297e-04    4.622134569518036537e-04    1.262035027127015696e-04
8.400000000000000000e+01    7.480568775770629648e-06    1.072759581347884674e-05    3.076423931570256866e-05    6.347865306439159103e-05    1.852426171530089402e-04    4.159662458966833674e-04    4.537018887909539055e-04    1.236362523440688111e-04
8.500000000000000000e+01    7.356843880236259887e-06    1.056896473025975505e-05    3.017139947519940975e-05    6.196110751433879320e-05    1.817717220540813528e-04    4.084864786815456329e-04    4.454426939771134546e-04    1.211485999440978592e-04
8.600000000000000000e+01    7.125342302156849031e-06    1.041435033813985174e-05    2.949597474231356167e-05    6.070081678800838169e-05    1.782677015906717548e-04    4.010351242247941865e-04    4.374255560107583431e-04    1.187372139190081839e-04
8.700000000000000000e+01    6.662549772530145931e-06    1.026360654365311068e-05    2.898060030483183149e-05    5.953481435124862163e-05    1.749347044454304984e-04    3.936222981580816049e-04    4.296406937283428506e-04    1.163989382076626345e-04
8.800000000000000000e+01    6.336285613932442684e-06    1.011659418394783709e-05    2.840422171967766997e-05    5.845024551258031561e-05    1.706768551964876312e-04    3.863220259643465907e-04    4.220788277541402352e-04    1.141307811553107310e-04
8.900000000000000000e+01    6.073469265407905824e-06    9.973180622317234041e-06    2.781977713802660858e-05    5.740759876631199173e-05    1.673584405275909607e-04    3.791850263793599416e-04    4.147311494080365042e-04    1.119299052095648356e-04
9.000000000000000000e+01    5.991242589580719576e-06    9.833239371650051968e-06    2.727314032758959008e-05    5.629514988710246744e-05    1.645083367221483240e-04    3.722511617006790349e-04    4.075892918641900735e-04    1.097936173693223147e-04
9.100000000000000000e+01    5.882330178686899234e-06    9.696649743615095175e-06    2.671558303944789541e-05    5.507454894506061974e-05    1.602548330154483964e-04    3.655125305355748561e-04    4.006453033746041757e-04    1.077193603240033716e-04
9.200000000000000000e+01    5.735103282196538104e-06    9.563296521537588906e-06    2.615806708499603868e-05    5.391506155103293501e-05    1.561974638495975483e-04    3.591549867136162874e-04    3.938916223889869198e-04    1.057047042262068118e-04
9.300000000000000000e+01    5.543352362576813273e-06    9.433069655122472582e-06    2.553394495337977689e-05    5.293922223556452787e-05    1.536097481381220903e-04    3.531457916048257647e-04    3.873210544175684743e-04    1.037473390461399127e-04
9.400000000000000000e+01    5.407683779868010185e-06    9.305863975343219865e-06    2.499774878177274582e-05    5.198992345845326028e-05    1.510918970837184878e-04    3.472984186119969078e-04    3.809533614849278300e-04    1.018450674609644793e-04
9.500000000000000000e+01    5.340345993997368387e-06    9.095427331623840954e-06    2.450684314238039206e-05    5.098063585543164501e-05    1.480129144376907894e-04    3.415939411716809623e-04    3.745344446839666674e-04    9.999579823637651439e-05
9.600000000000000000e+01    5.274499957566473418e-06    8.975395862014696967e-06    2.410909898332573958e-05    5.004620444087156848e-05    1.453590064203158191e-04    3.359655608764299623e-04    3.682927933026718071e-04    9.819754006158732415e-05
9.700000000000000000e+01    5.210097589607155688e-06    8.858063307426443749e-06    2.366443887531684501e-05    4.914272876762149040e-05    1.428350321972156616e-04    3.304845692453754757e-04    3.626020401424771876e-04    9.644839580224455824e-05
9.800000000000000000e+01    5.147092841788894297e-06    8.743342627838384258e-06    2.314311319505964052e-05    4.825089363614548399e-05    1.400142618624979584e-04    3.250294958543336211e-04    3.570585723038674866e-04    9.474655713904991884e-05
9.900000000000000000e+01    5.085441592373753863e-06    8.616966252900588104e-06    2.262280067012407142e-05    4.741039096630906598e-05    1.367604291684414923e-04    3.196856122424678232e-04    3.516554510973822468e-04    9.309029956245894991e-05
